KIGLMMPK_00001	0	0	99181
KIGLMMPK_00002	0	0	0
KIGLMMPK_00003	0	0	0
KIGLMMPK_00004	0	0	0
KIGLMMPK_00005	0	0	0
KIGLMMPK_00006	0	0	0
KIGLMMPK_00007	0	0	0
KIGLMMPK_00008	0	0	0
KIGLMMPK_00009	0	0	0
KIGLMMPK_00010	0	952	0
KIGLMMPK_00011	77	10182	0
KIGLMMPK_00012	0	82	0
KIGLMMPK_00013	16	2300	0
KIGLMMPK_00014	8	675	0
KIGLMMPK_00015	8	658	0
KIGLMMPK_00016	3	464	0
KIGLMMPK_00017	18	3115	0
KIGLMMPK_00018	12	1347	0
KIGLMMPK_00019	3	968	0
KIGLMMPK_00020	4	603	0
KIGLMMPK_00021	3	241	0
KIGLMMPK_00022	2	720	0
KIGLMMPK_00023	24	2420	0
KIGLMMPK_00024	18	1994	0
KIGLMMPK_00025	8	661	0
KIGLMMPK_00026	3	580	0
KIGLMMPK_00027	0	6	0
KIGLMMPK_00028	70	6852	0
KIGLMMPK_00029	43	6201	0
KIGLMMPK_00030	27	2103	0
KIGLMMPK_00031	0	42	0
KIGLMMPK_00032	0	41	0
KIGLMMPK_00033	10	846	0
KIGLMMPK_00034	2	183	0
KIGLMMPK_00035	0	17	0
KIGLMMPK_00036	0	32	0
KIGLMMPK_00037	3	208	0
KIGLMMPK_00038	43	4729	0
KIGLMMPK_00039	2	553	0
KIGLMMPK_00040	49	4698	0
KIGLMMPK_00041	0	289	0
KIGLMMPK_00042	0	57	0
KIGLMMPK_00043	1	90	0
KIGLMMPK_00044	9	425	0
KIGLMMPK_00045	0	0	0
KIGLMMPK_00046	0	0	0
KIGLMMPK_00047	167	16726	0
KIGLMMPK_00048	39	3714	0
KIGLMMPK_00049	15	2718	0
KIGLMMPK_00050	0	28	0
KIGLMMPK_00051	0	13	0
KIGLMMPK_00052	0	64	0
KIGLMMPK_00053	0	6	0
KIGLMMPK_00054	2	556	0
KIGLMMPK_00055	1	490	0
KIGLMMPK_00056	0	146	0
KIGLMMPK_00057	7	797	0
KIGLMMPK_00058	27	3749	0
KIGLMMPK_00059	188	22150	0
KIGLMMPK_00060	39	5117	0
KIGLMMPK_00061	95	8275	0
KIGLMMPK_00062	176	15046	0
KIGLMMPK_00063	38	3904	0
KIGLMMPK_00064	44	5499	0
KIGLMMPK_00065	1	1429	0
KIGLMMPK_00066	1	783	0
KIGLMMPK_00067	27	2833	0
KIGLMMPK_00068	10	1498	0
KIGLMMPK_00069	85	8326	0
KIGLMMPK_00070	19	2854	0
KIGLMMPK_00071	1	82	0
KIGLMMPK_00072	2	333	0
KIGLMMPK_00073	31	3478	0
KIGLMMPK_00074	6	1115	0
KIGLMMPK_00075	130	15405	0
KIGLMMPK_00076	19	2437	0
KIGLMMPK_00077	8	1821	0
KIGLMMPK_00078	6	1256	0
KIGLMMPK_00079	68	6759	0
KIGLMMPK_00080	67	5563	0
KIGLMMPK_00081	134	13379	0
KIGLMMPK_00082	4	1396	0
KIGLMMPK_00083	4	470	0
KIGLMMPK_00084	20	2033	0
KIGLMMPK_00085	15	2071	0
KIGLMMPK_00086	159	17052	0
KIGLMMPK_00087	47	5522	0
KIGLMMPK_00088	114	13067	0
KIGLMMPK_00089	3	134	0
KIGLMMPK_00090	38	2591	0
KIGLMMPK_00091	23	3155	0
KIGLMMPK_00092	3	754	0
KIGLMMPK_00093	19	1603	0
KIGLMMPK_00094	57	7125	0
KIGLMMPK_00095	121	16023	0
KIGLMMPK_00096	19	2449	0
KIGLMMPK_00097	37	4154	0
KIGLMMPK_00098	30	4306	0
KIGLMMPK_00099	29	4543	0
KIGLMMPK_00100	0	7	0
KIGLMMPK_00101	0	39	0
KIGLMMPK_00102	0	29	0
KIGLMMPK_00103	2	103	0
KIGLMMPK_00104	0	25	0
KIGLMMPK_00105	2	254	0
KIGLMMPK_00106	0	200	0
KIGLMMPK_00107	1	217	0
KIGLMMPK_00108	5	428	0
KIGLMMPK_00109	3	1371	0
KIGLMMPK_00110	13	2148	0
KIGLMMPK_00111	0	70	0
KIGLMMPK_00112	0	30	0
KIGLMMPK_00113	4	650	0
KIGLMMPK_00114	14	793	0
KIGLMMPK_00115	0	10	0
KIGLMMPK_00116	13	607	0
KIGLMMPK_00117	7	734	0
KIGLMMPK_00118	5	959	0
KIGLMMPK_00119	69	5851	0
KIGLMMPK_00120	77	7584	0
KIGLMMPK_00121	202	20610	0
KIGLMMPK_00122	5	602	0
KIGLMMPK_00123	71	7429	0
KIGLMMPK_00124	43	5893	0
KIGLMMPK_00125	11	1802	0
KIGLMMPK_00126	1	121	0
KIGLMMPK_00127	7	715	0
KIGLMMPK_00128	20	1893	0
KIGLMMPK_00129	91	9873	0
KIGLMMPK_00130	129	12811	0
KIGLMMPK_00131	50	4711	0
KIGLMMPK_00132	39	5154	0
KIGLMMPK_00133	12	1551	0
KIGLMMPK_00134	15	1467	0
KIGLMMPK_00135	59	6734	0
KIGLMMPK_00136	65	7269	0
KIGLMMPK_00137	0	248	0
KIGLMMPK_00138	16	777	0
KIGLMMPK_00139	0	505	0
KIGLMMPK_00140	1	51	0
KIGLMMPK_00141	1	213	0
KIGLMMPK_00142	3	350	0
KIGLMMPK_00143	21	2880	0
KIGLMMPK_00144	16	654	0
KIGLMMPK_00145	9	1008	0
KIGLMMPK_00146	0	2	0
KIGLMMPK_00147	0	0	0
KIGLMMPK_00148	104	10282	0
KIGLMMPK_00149	119	10855	0
KIGLMMPK_00150	68	7495	0
KIGLMMPK_00151	161	13411	0
KIGLMMPK_00152	92	8598	0
KIGLMMPK_00153	39	5336	0
KIGLMMPK_00154	52	5064	0
KIGLMMPK_00155	77	7911	0
KIGLMMPK_00156	122	11341	0
KIGLMMPK_00157	127	13504	0
KIGLMMPK_00158	68	9711	0
KIGLMMPK_00159	32	4184	0
KIGLMMPK_00160	44	4461	0
KIGLMMPK_00161	70	9013	0
KIGLMMPK_00162	54	4002	0
KIGLMMPK_00166	34	3289	0
KIGLMMPK_00167	69	5842	0
KIGLMMPK_00168	61	5832	0
KIGLMMPK_00169	15	1610	0
KIGLMMPK_00170	9	1885	0
KIGLMMPK_00171	1	432	0
KIGLMMPK_00172	57	5688	0
KIGLMMPK_00173	5	667	0
KIGLMMPK_00174	8	1188	0
KIGLMMPK_00175	3	493	0
KIGLMMPK_00176	0	192	0
KIGLMMPK_00177	11	1357	0
KIGLMMPK_00178	8	1435	0
KIGLMMPK_00179	15	1600	0
KIGLMMPK_00180	1	197	0
KIGLMMPK_00181	6	556	0
KIGLMMPK_00182	11	1540	0
KIGLMMPK_00183	55	6087	0
KIGLMMPK_00184	11	1126	0
KIGLMMPK_00185	0	329	0
KIGLMMPK_00186	293	33288	0
KIGLMMPK_00187	2	556	0
KIGLMMPK_00188	46	4922	0
KIGLMMPK_00189	4	1165	0
KIGLMMPK_00190	1	347	0
KIGLMMPK_00191	31	4364	0
KIGLMMPK_00192	7	1779	0
KIGLMMPK_00193	15	2698	0
KIGLMMPK_00194	11	1090	0
KIGLMMPK_00195	6	922	0
KIGLMMPK_00196	1	35	0
KIGLMMPK_00197	1	344	0
KIGLMMPK_00198	30	3694	0
KIGLMMPK_00199	1	800	0
KIGLMMPK_00200	56	6014	0
KIGLMMPK_00201	1	286	0
KIGLMMPK_00202	0	174	0
KIGLMMPK_00203	0	53	0
KIGLMMPK_00204	0	71	0
KIGLMMPK_00205	0	158	0
KIGLMMPK_00206	2	510	0
KIGLMMPK_00207	2	199	0
KIGLMMPK_00208	1	599	0
KIGLMMPK_00209	27	2649	0
KIGLMMPK_00210	0	123	0
KIGLMMPK_00211	1	173	0
KIGLMMPK_00212	8	1116	0
KIGLMMPK_00213	5	226	0
KIGLMMPK_00214	63	8082	0
KIGLMMPK_00215	1	168	0
KIGLMMPK_00216	11	1623	0
KIGLMMPK_00217	5	286	0
KIGLMMPK_00218	2	52	0
KIGLMMPK_00219	0	147	0
KIGLMMPK_00220	22	1378	0
KIGLMMPK_00221	0	80	0
KIGLMMPK_00222	0	88	0
KIGLMMPK_00223	3	386	0
KIGLMMPK_00224	5	686	0
KIGLMMPK_00225	114	12779	0
KIGLMMPK_00226	6	1759	0
KIGLMMPK_00227	1	307	0
KIGLMMPK_00228	0	9	0
KIGLMMPK_00229	0	1	0
KIGLMMPK_00230	0	43	0
KIGLMMPK_00231	1	69	0
KIGLMMPK_00232	6	1057	0
KIGLMMPK_00233	1	142	0
KIGLMMPK_00234	6	1308	0
KIGLMMPK_00235	34	2522	0
KIGLMMPK_00236	8	1213	0
KIGLMMPK_00237	38	3905	0
KIGLMMPK_00238	28	4020	0
KIGLMMPK_00239	33	3836	0
KIGLMMPK_00240	8	784	0
KIGLMMPK_00241	13	2078	0
KIGLMMPK_00242	42	5022	0
KIGLMMPK_00243	8	974	0
KIGLMMPK_00244	4	159	0
KIGLMMPK_00245	4	268	0
KIGLMMPK_00246	0	130	0
KIGLMMPK_00247	8	1211	0
KIGLMMPK_00248	15	2324	0
KIGLMMPK_00249	0	20	0
KIGLMMPK_00250	2	215	0
KIGLMMPK_00251	3	668	0
KIGLMMPK_00252	26	2300	0
KIGLMMPK_00253	25	2978	0
KIGLMMPK_00254	32	4669	0
KIGLMMPK_00255	21	2937	0
KIGLMMPK_00256	4	457	0
KIGLMMPK_00257	1	301	0
KIGLMMPK_00258	8	1262	0
KIGLMMPK_00259	9	1231	0
KIGLMMPK_00260	2	252	0
KIGLMMPK_00261	3	269	0
KIGLMMPK_00262	9	996	0
KIGLMMPK_00263	2	231	0
KIGLMMPK_00264	6	274	0
KIGLMMPK_00265	0	8	0
KIGLMMPK_00266	0	8	0
KIGLMMPK_00267	0	13	0
KIGLMMPK_00268	1	101	0
KIGLMMPK_00269	5	1069	0
KIGLMMPK_00270	25	4402	0
KIGLMMPK_00271	1	272	0
KIGLMMPK_00272	8	1087	0
KIGLMMPK_00273	3	907	0
KIGLMMPK_00274	5	129	0
KIGLMMPK_00275	0	20	0
KIGLMMPK_00276	4	280	0
KIGLMMPK_00277	1	275	0
KIGLMMPK_00278	7	168	0
KIGLMMPK_00279	2	48	0
KIGLMMPK_00280	1	110	0
KIGLMMPK_00281	1	116	0
KIGLMMPK_00282	82	9608	0
KIGLMMPK_00283	5	623	0
KIGLMMPK_00284	0	441	0
KIGLMMPK_00285	35	4095	0
KIGLMMPK_00286	26	4388	0
KIGLMMPK_00287	0	482	0
KIGLMMPK_00288	1	174	0
KIGLMMPK_00289	1	59	0
KIGLMMPK_00290	0	201	0
KIGLMMPK_00291	33	5037	0
KIGLMMPK_00292	15	3022	0
KIGLMMPK_00293	0	308	0
KIGLMMPK_00294	0	31	0
KIGLMMPK_00295	0	0	0
KIGLMMPK_00296	0	3	0
KIGLMMPK_00297	0	2	0
KIGLMMPK_00298	0	0	0
KIGLMMPK_00299	0	1	0
KIGLMMPK_00300	0	8	0
KIGLMMPK_00301	0	0	0
KIGLMMPK_00302	0	20	0
KIGLMMPK_00303	0	334	0
KIGLMMPK_00304	59	4012	0
KIGLMMPK_00305	4	435	0
KIGLMMPK_00306	5	2012	0
KIGLMMPK_00307	0	8	0
KIGLMMPK_00308	1	24	0
KIGLMMPK_00309	1	387	0
KIGLMMPK_00310	106	13993	0
KIGLMMPK_00311	35	6028	0
KIGLMMPK_00312	178	16269	0
KIGLMMPK_00313	58	6509	0
KIGLMMPK_00314	136	14717	0
KIGLMMPK_00315	6	875	0
KIGLMMPK_00316	49	4875	0
KIGLMMPK_00317	1	131	0
KIGLMMPK_00318	0	0	0
KIGLMMPK_00319	520	48974	0
KIGLMMPK_00320	26	2571	0
KIGLMMPK_00321	22	1894	0
KIGLMMPK_00322	16	2390	0
KIGLMMPK_00323	5	1051	0
KIGLMMPK_00324	0	8	0
KIGLMMPK_00325	0	127	0
KIGLMMPK_00326	1	31	0
KIGLMMPK_00327	74	9133	0
KIGLMMPK_00328	52	6760	0
KIGLMMPK_00329	394	38373	0
KIGLMMPK_00330	1	554	0
KIGLMMPK_00331	10	1020	0
KIGLMMPK_00332	13	1106	0
KIGLMMPK_00333	11	908	0
KIGLMMPK_00334	4	881	0
KIGLMMPK_00335	25	2920	0
KIGLMMPK_00336	57	5273	0
KIGLMMPK_00337	1	514	0
KIGLMMPK_00338	0	18	0
KIGLMMPK_00339	3	1041	0
KIGLMMPK_00340	12	1995	0
KIGLMMPK_00341	28	2775	0
KIGLMMPK_00342	2	634	0
KIGLMMPK_00343	0	77	0
KIGLMMPK_00344	0	45	0
KIGLMMPK_00345	0	45	0
KIGLMMPK_00346	0	63	0
KIGLMMPK_00347	1	178	0
KIGLMMPK_00348	13	2810	0
KIGLMMPK_00349	1	169	0
KIGLMMPK_00350	1820	199470	0
KIGLMMPK_00351	0	6	0
KIGLMMPK_00352	191	18828	0
KIGLMMPK_00353	13	901	0
KIGLMMPK_00354	275	29348	0
KIGLMMPK_00355	66	7737	0
KIGLMMPK_00356	2	481	0
KIGLMMPK_00357	113	12907	0
KIGLMMPK_00358	19	3042	0
KIGLMMPK_00359	2	565	0
KIGLMMPK_00360	15	1503	0
KIGLMMPK_00361	1	385	0
KIGLMMPK_00362	0	43	0
KIGLMMPK_00363	1	31	0
KIGLMMPK_00364	16	2887	0
KIGLMMPK_00365	7	1766	0
KIGLMMPK_00366	31	3293	0
KIGLMMPK_00367	119	13369	0
KIGLMMPK_00368	63	6970	0
KIGLMMPK_00369	9	994	0
KIGLMMPK_00370	11	1995	0
KIGLMMPK_00371	65	7731	0
KIGLMMPK_00372	7	1100	0
KIGLMMPK_00373	125	14124	0
KIGLMMPK_00374	44	4404	0
KIGLMMPK_00375	43	6227	0
KIGLMMPK_00376	30	3453	0
KIGLMMPK_00377	4	470	0
KIGLMMPK_00378	13	1357	0
KIGLMMPK_00379	3	1047	0
KIGLMMPK_00380	1	499	0
KIGLMMPK_00381	0	55	0
KIGLMMPK_00382	0	1	0
KIGLMMPK_00383	30	3804	0
KIGLMMPK_00384	11	2057	0
KIGLMMPK_00385	57	4798	0
KIGLMMPK_00386	198	19416	0
KIGLMMPK_00387	42	5542	0
KIGLMMPK_00388	115	11542	0
KIGLMMPK_00389	21	1926	0
KIGLMMPK_00390	176	15463	0
KIGLMMPK_00391	0	156	0
KIGLMMPK_00392	529	49564	0
KIGLMMPK_00393	228	23010	0
KIGLMMPK_00394	2	989	0
KIGLMMPK_00395	47	4593	0
KIGLMMPK_00396	33	3775	0
KIGLMMPK_00397	11	1116	0
KIGLMMPK_00398	16	1346	0
KIGLMMPK_00399	50	5381	0
KIGLMMPK_00400	167	17569	0
KIGLMMPK_00401	95	11870	0
KIGLMMPK_00402	24	4558	0
KIGLMMPK_00403	0	204	0
KIGLMMPK_00404	228	27482	0
KIGLMMPK_00405	0	176	0
KIGLMMPK_00406	299	26829	0
KIGLMMPK_00407	94	8294	0
KIGLMMPK_00408	27	2976	0
KIGLMMPK_00409	70	8263	0
KIGLMMPK_00410	59	4362	0
KIGLMMPK_00411	60	6120	0
KIGLMMPK_00412	20	1547	0
KIGLMMPK_00413	7	746	0
KIGLMMPK_00414	21	2647	0
KIGLMMPK_00415	70	8372	0
KIGLMMPK_00416	80	8371	0
KIGLMMPK_00417	8	727	0
KIGLMMPK_00418	10	1207	0
KIGLMMPK_00419	24	2339	0
KIGLMMPK_00420	13	1171	0
KIGLMMPK_00421	4	649	0
KIGLMMPK_00422	186	17986	0
KIGLMMPK_00423	551	64290	0
KIGLMMPK_00424	11	1840	0
KIGLMMPK_00425	20	2313	0
KIGLMMPK_00426	0	229	0
KIGLMMPK_00427	7	2377	0
KIGLMMPK_00428	6	594	0
KIGLMMPK_00429	6	425	0
KIGLMMPK_00430	69	6444	0
KIGLMMPK_00431	0	1	0
KIGLMMPK_00432	1	65	0
KIGLMMPK_00433	0	21	0
KIGLMMPK_00434	0	6	0
KIGLMMPK_00435	86	8053	0
KIGLMMPK_00436	89	10622	0
KIGLMMPK_00437	0	5	0
KIGLMMPK_00438	0	40	0
KIGLMMPK_00439	0	66	0
KIGLMMPK_00440	0	13	0
KIGLMMPK_00441	382	38142	0
KIGLMMPK_00442	114	11920	0
KIGLMMPK_00443	195	18971	0
KIGLMMPK_00444	76	10135	0
KIGLMMPK_00445	21	4412	0
KIGLMMPK_00446	86	11929	0
KIGLMMPK_00447	79	7458	0
KIGLMMPK_00448	29	3499	0
KIGLMMPK_00449	323	32658	0
KIGLMMPK_00450	32	3907	0
KIGLMMPK_00451	1025	105936	0
KIGLMMPK_00452	64	6640	0
KIGLMMPK_00453	71	7684	0
KIGLMMPK_00454	108	14066	0
KIGLMMPK_00455	134	13249	0
KIGLMMPK_00456	0	0	0
KIGLMMPK_00457	68	7304	0
KIGLMMPK_00458	127	14589	0
KIGLMMPK_00459	138	13690	0
KIGLMMPK_00460	737	76688	0
KIGLMMPK_00461	55	5631	0
KIGLMMPK_00462	99	8719	0
KIGLMMPK_00463	103	9919	0
KIGLMMPK_00464	0	6	0
KIGLMMPK_00465	0	33	0
KIGLMMPK_00466	25	3206	0
KIGLMMPK_00467	17	1537	0
KIGLMMPK_00468	0	35	0
KIGLMMPK_00469	3	203	0
KIGLMMPK_00470	8	381	0
KIGLMMPK_00471	9	1583	0
KIGLMMPK_00472	13	1166	0
KIGLMMPK_00473	31	3955	0
KIGLMMPK_00474	93	7753	0
KIGLMMPK_00475	75	6111	0
KIGLMMPK_00476	401	38745	0
KIGLMMPK_00477	325	34185	0
KIGLMMPK_00478	107	12533	0
KIGLMMPK_00479	133	13225	0
KIGLMMPK_00480	131	12045	0
KIGLMMPK_00481	66	7658	0
KIGLMMPK_00482	138	12366	0
KIGLMMPK_00483	457	45010	0
KIGLMMPK_00484	162	16581	0
KIGLMMPK_00485	48	5510	0
KIGLMMPK_00486	216	21865	0
KIGLMMPK_00487	155	15169	0
KIGLMMPK_00488	184	17608	0
KIGLMMPK_00489	108	14941	0
KIGLMMPK_00490	92	9575	0
KIGLMMPK_00491	97	13546	0
KIGLMMPK_00492	243	23401	0
KIGLMMPK_00493	157	12659	0
KIGLMMPK_00494	174	20862	0
KIGLMMPK_00495	74	7031	0
KIGLMMPK_00496	167	16326	0
KIGLMMPK_00497	328	32242	0
KIGLMMPK_00498	113	11923	0
KIGLMMPK_00499	106	10573	0
KIGLMMPK_00500	238	24653	0
KIGLMMPK_00501	92	10471	0
KIGLMMPK_00502	190	15902	0
KIGLMMPK_00503	314	26600	0
KIGLMMPK_00504	50	4559	0
KIGLMMPK_00505	2262	238635	0
KIGLMMPK_00506	796	84856	0
KIGLMMPK_00507	319	29008	0
KIGLMMPK_00508	206	23040	0
KIGLMMPK_00509	40	3403	0
KIGLMMPK_00510	66	7532	0
KIGLMMPK_00511	411	45390	0
KIGLMMPK_00512	169	17696	0
KIGLMMPK_00513	148	16306	0
KIGLMMPK_00514	130	15170	0
KIGLMMPK_00515	144	14440	0
KIGLMMPK_00516	189	21159	0
KIGLMMPK_00517	424	39716	0
KIGLMMPK_00518	1141	124479	0
KIGLMMPK_00519	36	3602	0
KIGLMMPK_00520	77	8162	0
KIGLMMPK_00521	42	4906	0
KIGLMMPK_00522	15	1349	0
KIGLMMPK_00523	12	2306	0
KIGLMMPK_00524	67	6981	0
KIGLMMPK_00525	475	51192	0
KIGLMMPK_00526	0	74	0
KIGLMMPK_00527	0	30	0
KIGLMMPK_00528	0	36	0
KIGLMMPK_00529	0	29	0
KIGLMMPK_00530	9	913	0
KIGLMMPK_00531	3	1333	0
KIGLMMPK_00532	1	124	0
KIGLMMPK_00533	0	15	0
KIGLMMPK_00534	2	140	0
KIGLMMPK_00535	1	102	0
KIGLMMPK_00536	2	871	0
KIGLMMPK_00537	1	732	0
KIGLMMPK_00538	0	269	0
KIGLMMPK_00539	0	4	0
KIGLMMPK_00540	0	309	0
KIGLMMPK_00541	10	976	0
KIGLMMPK_00542	18	1812	0
KIGLMMPK_00543	75	6121	0
KIGLMMPK_00544	48	6208	0
KIGLMMPK_00545	41	4925	0
KIGLMMPK_00546	52	5567	0
KIGLMMPK_00547	605	70076	0
KIGLMMPK_00548	37	4480	0
KIGLMMPK_00549	44	4683	0
KIGLMMPK_00550	64	9183	0
KIGLMMPK_00551	61	8801	0
KIGLMMPK_00552	447	41968	0
KIGLMMPK_00553	62	9352	0
KIGLMMPK_00554	521	46137	0
KIGLMMPK_00555	219	20762	0
KIGLMMPK_00556	82	8794	0
KIGLMMPK_00557	19	2164	0
KIGLMMPK_00558	107	9056	0
KIGLMMPK_00559	164	15589	0
KIGLMMPK_00560	3	618	0
KIGLMMPK_00561	11	1032	0
KIGLMMPK_00562	35	4753	0
KIGLMMPK_00563	69	9318	0
KIGLMMPK_00564	0	43	0
KIGLMMPK_00565	26	2844	0
KIGLMMPK_00566	45	6454	0
KIGLMMPK_00567	22	1345	0
KIGLMMPK_00568	26	2971	0
KIGLMMPK_00569	56	4759	0
KIGLMMPK_00570	16	1457	0
KIGLMMPK_00571	123	13256	0
KIGLMMPK_00572	61	7621	0
KIGLMMPK_00573	580	65710	0
KIGLMMPK_00574	52	5235	0
KIGLMMPK_00575	33	3894	0
KIGLMMPK_00576	16	4386	0
KIGLMMPK_00589	19	2365	0
KIGLMMPK_00590	339	35823	0
KIGLMMPK_00591	19	2127	0
KIGLMMPK_00592	32	4558	0
KIGLMMPK_00593	77	7950	0
KIGLMMPK_00594	0	109	0
KIGLMMPK_00595	15	2329	0
KIGLMMPK_00596	155	14480	0
KIGLMMPK_00597	57	6037	0
KIGLMMPK_00598	10	807	0
KIGLMMPK_00599	7	883	0
KIGLMMPK_00600	14	2535	0
KIGLMMPK_00601	46	5557	0
KIGLMMPK_00602	51	5217	0
KIGLMMPK_00603	49	5180	0
KIGLMMPK_00604	14	803	0
KIGLMMPK_00605	1	336	0
KIGLMMPK_00606	3	843	0
KIGLMMPK_00607	612	64180	0
KIGLMMPK_00608	629	60726	0
KIGLMMPK_00609	25	2663	0
KIGLMMPK_00610	0	22	0
KIGLMMPK_00611	1	15	0
KIGLMMPK_00612	0	6	0
KIGLMMPK_00613	0	3	0
KIGLMMPK_00614	0	11	0
KIGLMMPK_00615	0	6	0
KIGLMMPK_00616	0	17	0
KIGLMMPK_00617	1	66	0
KIGLMMPK_00618	2	57	0
KIGLMMPK_00619	0	34	0
KIGLMMPK_00620	27	2807	0
KIGLMMPK_00621	0	47	0
KIGLMMPK_00622	14	1818	0
KIGLMMPK_00623	380	36845	0
KIGLMMPK_00624	65	7050	0
KIGLMMPK_00625	113	13211	0
KIGLMMPK_00626	7	777	0
KIGLMMPK_00627	7	1192	0
KIGLMMPK_00628	0	0	0
KIGLMMPK_00629	9	1352	0
KIGLMMPK_00630	12	1677	0
KIGLMMPK_00631	0	156	0
KIGLMMPK_00632	1	33	0
KIGLMMPK_00633	3	488	0
KIGLMMPK_00634	0	14	0
KIGLMMPK_00635	1	121	0
KIGLMMPK_00636	0	127	0
KIGLMMPK_00637	5	370	0
KIGLMMPK_00638	7	714	0
KIGLMMPK_00639	1	269	0
KIGLMMPK_00640	0	71	0
KIGLMMPK_00641	7	617	0
KIGLMMPK_00642	0	127	0
KIGLMMPK_00643	22	1366	0
KIGLMMPK_00644	0	148	0
KIGLMMPK_00645	28	2033	0
KIGLMMPK_00646	0	170	0
KIGLMMPK_00647	0	0	0
KIGLMMPK_00648	5	607	0
KIGLMMPK_00649	0	63	0
KIGLMMPK_00650	0	11	0
KIGLMMPK_00651	0	14	0
KIGLMMPK_00652	0	60	0
KIGLMMPK_00653	0	45	0
KIGLMMPK_00654	1	215	0
KIGLMMPK_00655	1	143	0
KIGLMMPK_00656	22	2438	0
KIGLMMPK_00657	0	66	0
KIGLMMPK_00658	1	105	0
KIGLMMPK_00659	0	72	0
KIGLMMPK_00660	3	505	0
KIGLMMPK_00661	3	751	0
KIGLMMPK_00662	0	17	0
KIGLMMPK_00663	0	16	0
KIGLMMPK_00664	0	34	0
KIGLMMPK_00665	0	33	0
KIGLMMPK_00666	0	0	0
KIGLMMPK_00667	0	27	0
KIGLMMPK_00668	0	0	0
KIGLMMPK_00669	0	1	0
KIGLMMPK_00670	0	11	0
KIGLMMPK_00671	0	17	0
KIGLMMPK_00672	0	24	0
KIGLMMPK_00673	0	12	0
KIGLMMPK_00674	2	914	0
KIGLMMPK_00675	54	6108	0
KIGLMMPK_00676	1	93	0
KIGLMMPK_00677	0	11	0
KIGLMMPK_00678	1	203	0
KIGLMMPK_00679	0	16	0
KIGLMMPK_00680	1	18	0
KIGLMMPK_00681	1	25	0
KIGLMMPK_00682	1	140	0
KIGLMMPK_00683	0	0	0
KIGLMMPK_00684	13	1930	0
KIGLMMPK_00685	1	469	0
KIGLMMPK_00686	11	986	0
KIGLMMPK_00687	23	2223	0
KIGLMMPK_00688	29	4934	0
KIGLMMPK_00689	1	111	0
KIGLMMPK_00690	19	2081	0
KIGLMMPK_00691	10	794	0
KIGLMMPK_00692	8	1259	0
KIGLMMPK_00693	4	1890	0
KIGLMMPK_00694	0	244	0
KIGLMMPK_00695	0	259	0
KIGLMMPK_00696	0	10	0
KIGLMMPK_00697	0	267	0
KIGLMMPK_00698	7	483	0
KIGLMMPK_00699	19	2693	0
KIGLMMPK_00700	7	778	0
KIGLMMPK_00701	3	327	0
KIGLMMPK_00702	0	43	0
KIGLMMPK_00703	5	557	0
KIGLMMPK_00704	1	359	0
KIGLMMPK_00705	0	402	0
KIGLMMPK_00706	0	127	0
KIGLMMPK_00707	38	3870	0
KIGLMMPK_00708	111	11258	0
KIGLMMPK_00709	5	193	0
KIGLMMPK_00710	0	201	0
KIGLMMPK_00711	1	247	0
KIGLMMPK_00712	2	875	0
KIGLMMPK_00713	0	93	0
KIGLMMPK_00714	35	3510	0
KIGLMMPK_00715	0	0	0
KIGLMMPK_00716	0	0	0
KIGLMMPK_00717	10	1823	0
KIGLMMPK_00718	29	2756	0
KIGLMMPK_00719	81	7699	0
KIGLMMPK_00720	21	2936	0
KIGLMMPK_00721	47	3726	0
KIGLMMPK_00722	76	9934	0
KIGLMMPK_00723	92	8413	0
KIGLMMPK_00724	286	26271	0
KIGLMMPK_00725	21	1861	0
KIGLMMPK_00726	50	4102	0
KIGLMMPK_00727	11	1894	0
KIGLMMPK_00728	21	3883	0
KIGLMMPK_00729	29	2514	0
KIGLMMPK_00730	0	14	0
KIGLMMPK_00731	114	12925	0
KIGLMMPK_00732	18	2968	0
KIGLMMPK_00733	33	4413	0
KIGLMMPK_00734	20	2576	0
KIGLMMPK_00735	28	4700	0
KIGLMMPK_00736	60	7673	0
KIGLMMPK_00737	62	5693	0
KIGLMMPK_00738	24	2896	0
KIGLMMPK_00739	316	32417	0
KIGLMMPK_00740	584	60199	0
KIGLMMPK_00741	33	2924	0
KIGLMMPK_00742	69	10714	0
KIGLMMPK_00743	68	7586	0
KIGLMMPK_00744	9	1056	0
KIGLMMPK_00745	10	946	0
KIGLMMPK_00746	4	566	0
KIGLMMPK_00747	26	4525	0
KIGLMMPK_00748	141	17484	0
KIGLMMPK_00749	124	12977	0
KIGLMMPK_00750	22	3329	0
KIGLMMPK_00751	136	14302	0
KIGLMMPK_00752	4	1261	0
KIGLMMPK_00753	2	847	0
KIGLMMPK_00754	26	2741	0
KIGLMMPK_00755	11	1264	0
KIGLMMPK_00756	334	36466	0
KIGLMMPK_00757	220	21734	0
KIGLMMPK_00758	72	8896	0
KIGLMMPK_00759	30	3537	0
KIGLMMPK_00760	24	5056	0
KIGLMMPK_00761	83	9735	0
KIGLMMPK_00762	94	9303	0
KIGLMMPK_00763	267	29176	0
KIGLMMPK_00764	134	13332	0
KIGLMMPK_00765	43	3936	0
KIGLMMPK_00766	87	9830	0
KIGLMMPK_00767	111	12399	0
KIGLMMPK_00768	13	2386	0
KIGLMMPK_00769	5139	530781	0
KIGLMMPK_00770	43	7253	0
KIGLMMPK_00771	5	303	0
KIGLMMPK_00772	44	3139	0
KIGLMMPK_00773	60	7451	0
KIGLMMPK_00774	400	44247	0
KIGLMMPK_00775	6	595	0
KIGLMMPK_00776	82	10971	0
KIGLMMPK_00777	12	2296	0
KIGLMMPK_00778	11	907	0
KIGLMMPK_00779	87	8113	0
KIGLMMPK_00780	153	17631	0
KIGLMMPK_00781	40	4563	0
KIGLMMPK_00782	96	9073	0
KIGLMMPK_00783	568	62020	0
KIGLMMPK_00784	11	2259	0
KIGLMMPK_00785	27	3176	0
KIGLMMPK_00786	328	34391	0
KIGLMMPK_00787	0	0	0
KIGLMMPK_00817	68	8657	0
KIGLMMPK_00818	0	0	0
KIGLMMPK_00819	0	157	0
KIGLMMPK_00820	1	821	0
KIGLMMPK_00821	9	1065	0
KIGLMMPK_00822	17	2143	0
KIGLMMPK_00823	23	3686	0
KIGLMMPK_00824	32	4482	0
KIGLMMPK_00825	40	4328	0
KIGLMMPK_00826	5	881	0
KIGLMMPK_00827	708	80790	0
KIGLMMPK_00828	123	14585	0
KIGLMMPK_00829	2	745	0
KIGLMMPK_00830	26	3392	0
KIGLMMPK_00831	37	4014	0
KIGLMMPK_00832	17	2192	0
KIGLMMPK_00833	1	68	0
KIGLMMPK_00834	6	2664	0
KIGLMMPK_00835	16	2013	0
KIGLMMPK_00836	2	243	0
KIGLMMPK_00837	1	492	0
KIGLMMPK_00838	11	812	0
KIGLMMPK_00839	7	1814	0
KIGLMMPK_00840	0	33	0
KIGLMMPK_00841	0	29	0
KIGLMMPK_00842	0	128	0
KIGLMMPK_00843	35	5097	0
KIGLMMPK_00844	0	448	0
KIGLMMPK_00845	11	1163	0
KIGLMMPK_00846	25	2557	0
KIGLMMPK_00847	0	14	0
KIGLMMPK_00848	0	30	0
KIGLMMPK_00849	1	163	0
KIGLMMPK_00850	0	47	0
KIGLMMPK_00851	1	352	0
KIGLMMPK_00852	2	469	0
KIGLMMPK_00853	5	913	0
KIGLMMPK_00854	15	1045	0
KIGLMMPK_00855	0	105	0
KIGLMMPK_00856	0	293	0
KIGLMMPK_00857	0	372	0
KIGLMMPK_00858	3	1040	0
KIGLMMPK_00859	72	7343	0
KIGLMMPK_00860	82	9360	0
KIGLMMPK_00861	0	136	0
KIGLMMPK_00862	0	89	0
KIGLMMPK_00863	0	74	0
KIGLMMPK_00864	0	199	0
KIGLMMPK_00865	0	225	0
KIGLMMPK_00866	0	315	0
KIGLMMPK_00867	4	748	0
KIGLMMPK_00868	4	123	0
KIGLMMPK_00869	0	61	0
KIGLMMPK_00870	0	17	0
KIGLMMPK_00871	0	11	0
KIGLMMPK_00872	0	63	0
KIGLMMPK_00873	0	11	0
KIGLMMPK_00874	0	20	0
KIGLMMPK_00875	0	26	0
KIGLMMPK_00876	0	49	0
KIGLMMPK_00877	0	0	0
KIGLMMPK_00878	2	131	0
KIGLMMPK_00879	0	22	0
KIGLMMPK_00880	0	194	0
KIGLMMPK_00884	1	409	0
KIGLMMPK_00885	22	3141	0
KIGLMMPK_00886	140	13369	0
KIGLMMPK_00887	93	8840	0
KIGLMMPK_00888	330	32379	0
KIGLMMPK_00889	86	9848	0
KIGLMMPK_00890	64	8181	0
KIGLMMPK_00891	14	1856	0
KIGLMMPK_00892	17	3360	0
KIGLMMPK_00893	26	2471	0
KIGLMMPK_00894	3	728	0
KIGLMMPK_00895	88	8877	0
KIGLMMPK_00896	0	47	0
KIGLMMPK_00897	0	49	0
KIGLMMPK_00898	0	4	0
KIGLMMPK_00899	0	17	0
KIGLMMPK_00900	0	10	0
KIGLMMPK_00901	0	48	0
KIGLMMPK_00902	0	19	0
KIGLMMPK_00903	14	1389	0
KIGLMMPK_00904	26	3065	0
KIGLMMPK_00905	6	1018	0
KIGLMMPK_00906	34	3830	0
KIGLMMPK_00907	278	27786	0
KIGLMMPK_00908	23	2369	0
KIGLMMPK_00909	16	1733	0
KIGLMMPK_00910	3	372	0
KIGLMMPK_00911	0	523	0
KIGLMMPK_00912	20	1761	0
KIGLMMPK_00913	13	1703	0
KIGLMMPK_00914	938	91094	0
KIGLMMPK_00915	85	8879	0
KIGLMMPK_00916	70	6814	0
KIGLMMPK_00917	148	14223	0
KIGLMMPK_00918	25	4460	0
KIGLMMPK_00919	169	17455	0
KIGLMMPK_00920	125	11943	0
KIGLMMPK_00921	360	39934	0
KIGLMMPK_00922	3	534	0
KIGLMMPK_00923	5	654	0
KIGLMMPK_00924	26	2534	0
KIGLMMPK_00925	3	708	0
KIGLMMPK_00926	57	7594	0
KIGLMMPK_00927	98	10447	0
KIGLMMPK_00928	1	353	0
KIGLMMPK_00929	529	51739	0
KIGLMMPK_00930	214	24295	0
KIGLMMPK_00931	9	674	0
KIGLMMPK_00932	207	24701	0
KIGLMMPK_00933	0	0	0
KIGLMMPK_00934	50	6180	0
KIGLMMPK_00935	9	1103	0
KIGLMMPK_00936	11	2416	0
KIGLMMPK_00937	39	3845	0
KIGLMMPK_00938	43	4992	0
KIGLMMPK_00939	27	3994	0
KIGLMMPK_00940	5	893	0
KIGLMMPK_00941	3	529	0
KIGLMMPK_00942	6	896	0
KIGLMMPK_00943	9	1975	0
KIGLMMPK_00944	37	5055	0
KIGLMMPK_00945	17	1337	0
KIGLMMPK_00946	1	567	0
KIGLMMPK_00947	3	619	0
KIGLMMPK_00948	3	255	0
KIGLMMPK_00949	2	410	0
KIGLMMPK_00950	4	311	0
KIGLMMPK_00951	3	579	0
KIGLMMPK_00952	6	1133	0
KIGLMMPK_00953	84	8722	0
KIGLMMPK_00954	5	733	0
KIGLMMPK_00955	0	307	0
KIGLMMPK_00956	42	3361	0
KIGLMMPK_00957	19	2502	0
KIGLMMPK_00958	9	1941	0
KIGLMMPK_00959	33	4444	0
KIGLMMPK_00960	28	3228	0
KIGLMMPK_00961	176	17922	0
KIGLMMPK_00962	146	15561	0
KIGLMMPK_00963	519	46989	0
KIGLMMPK_00964	186	22451	0
KIGLMMPK_00965	2	260	0
KIGLMMPK_00966	3	520	0
KIGLMMPK_00967	0	40	0
KIGLMMPK_00968	3	846	0
KIGLMMPK_00969	1	915	0
KIGLMMPK_00970	12	1445	0
KIGLMMPK_00971	15	1496	0
KIGLMMPK_00972	183	18684	0
KIGLMMPK_00973	324	30279	0
KIGLMMPK_00974	112	11766	0
KIGLMMPK_00975	16	1177	0
KIGLMMPK_00976	24	3792	0
KIGLMMPK_00977	2	59	0
KIGLMMPK_00978	2	544	0
KIGLMMPK_00979	54	7354	0
KIGLMMPK_00980	197	23300	0
KIGLMMPK_00981	4	132	0
KIGLMMPK_00982	1	88	0
KIGLMMPK_00983	1	112	0
KIGLMMPK_00984	0	22	0
KIGLMMPK_00985	3	221	0
KIGLMMPK_00987	15	1206	0
KIGLMMPK_00988	63	5644	0
KIGLMMPK_00989	56	6408	0
KIGLMMPK_00990	91	8064	0
KIGLMMPK_00991	36	6168	0
KIGLMMPK_00992	52	4025	0
KIGLMMPK_00993	56	4293	0
KIGLMMPK_00994	9	2144	0
KIGLMMPK_00995	5	857	0
KIGLMMPK_00996	53	6079	0
KIGLMMPK_00997	16	1914	0
KIGLMMPK_00998	667	60477	0
KIGLMMPK_00999	5	1438	0
KIGLMMPK_01000	8	943	0
KIGLMMPK_01001	9	830	0
KIGLMMPK_01002	15	1686	0
KIGLMMPK_01003	16	3301	0
KIGLMMPK_01004	34	2564	0
KIGLMMPK_01005	90	7701	0
KIGLMMPK_01006	65	6071	0
KIGLMMPK_01007	143	13387	0
KIGLMMPK_01008	26	2812	0
KIGLMMPK_01009	17	1638	0
KIGLMMPK_01010	45	4567	0
KIGLMMPK_01011	42	3493	0
KIGLMMPK_01012	4	612	0
KIGLMMPK_01013	2	190	0
KIGLMMPK_01014	14	1569	0
KIGLMMPK_01015	0	124	0
KIGLMMPK_01016	33	4272	0
KIGLMMPK_01017	37	5573	0
KIGLMMPK_01018	102	11011	0
KIGLMMPK_01019	1	465	0
KIGLMMPK_01020	2	380	0
KIGLMMPK_01021	6	698	0
KIGLMMPK_01022	0	326	0
KIGLMMPK_01023	6	943	0
KIGLMMPK_01024	2	390	0
KIGLMMPK_01025	3	716	0
KIGLMMPK_01026	3	503	0
KIGLMMPK_01027	8	643	0
KIGLMMPK_01028	0	9	0
KIGLMMPK_01029	0	0	0
KIGLMMPK_01030	0	0	0
KIGLMMPK_01031	0	0	0
KIGLMMPK_01032	0	4	0
KIGLMMPK_01033	4	1413	0
KIGLMMPK_01034	10	755	0
KIGLMMPK_01035	3	213	0
KIGLMMPK_01036	1	508	0
KIGLMMPK_01037	6	905	0
KIGLMMPK_01038	12	1958	0
KIGLMMPK_01039	0	209	0
KIGLMMPK_01040	2	232	0
KIGLMMPK_01041	18	1786	0
KIGLMMPK_01042	5	390	0
KIGLMMPK_01043	8	1365	0
KIGLMMPK_01044	6	599	0
KIGLMMPK_01045	15	2029	0
KIGLMMPK_01046	3	483	0
KIGLMMPK_01047	8	751	0
KIGLMMPK_01048	3	679	0
KIGLMMPK_01049	3	1029	0
KIGLMMPK_01050	8	548	0
KIGLMMPK_01051	6	861	0
KIGLMMPK_01052	7	614	0
KIGLMMPK_01053	0	103	0
KIGLMMPK_01054	39	3694	0
KIGLMMPK_01055	9	844	0
KIGLMMPK_01056	10	1059	0
KIGLMMPK_01057	0	0	0
KIGLMMPK_01058	0	0	0
KIGLMMPK_01059	0	0	0
KIGLMMPK_01060	0	178	0
KIGLMMPK_01061	0	0	0
KIGLMMPK_01062	0	0	0
KIGLMMPK_01063	0	0	0
KIGLMMPK_01064	0	0	0
KIGLMMPK_01066	0	0	0
KIGLMMPK_01067	0	0	0
KIGLMMPK_01068	0	0	0
KIGLMMPK_01069	0	0	0
KIGLMMPK_01070	0	0	0
KIGLMMPK_01071	0	1	0
KIGLMMPK_01072	0	4	0
KIGLMMPK_01073	155	17177	0
KIGLMMPK_01074	19	1981	0
KIGLMMPK_01075	35	4680	0
KIGLMMPK_01076	100	10182	0
KIGLMMPK_01077	43	3762	0
KIGLMMPK_01078	36	3200	0
KIGLMMPK_01079	42	3628	0
KIGLMMPK_01080	25	2807	0
KIGLMMPK_01081	36	3901	0
KIGLMMPK_01082	45	6457	0
KIGLMMPK_01083	44	4455	0
KIGLMMPK_01084	228	23204	0
KIGLMMPK_01085	68	7280	0
KIGLMMPK_01086	97	13840	0
KIGLMMPK_01087	32	4678	0
KIGLMMPK_01088	2	738	0
KIGLMMPK_01089	13	2470	0
KIGLMMPK_01090	15	3495	0
KIGLMMPK_01091	83	9349	0
KIGLMMPK_01092	0	0	0
KIGLMMPK_01093	38	4034	0
KIGLMMPK_01094	22	3743	0
KIGLMMPK_01095	14	2130	0
KIGLMMPK_01096	12	2833	0
KIGLMMPK_01097	23	3545	0
KIGLMMPK_01098	13	2621	0
KIGLMMPK_01099	14	1582	0
KIGLMMPK_01100	27	3414	0
KIGLMMPK_01101	66	5565	0
KIGLMMPK_01102	74	7004	0
KIGLMMPK_01103	145	15088	0
KIGLMMPK_01104	0	0	0
KIGLMMPK_01105	1	257	0
KIGLMMPK_01106	72	7011	0
KIGLMMPK_01107	56	7795	0
KIGLMMPK_01108	22	3121	0
KIGLMMPK_01109	11	3294	0
KIGLMMPK_01110	28	2483	0
KIGLMMPK_01111	142	12838	0
KIGLMMPK_01112	47	6253	0
KIGLMMPK_01113	0	28	0
KIGLMMPK_01114	0	0	0
KIGLMMPK_01115	0	3	0
KIGLMMPK_01116	9	1555	0
KIGLMMPK_01117	7	649	0
KIGLMMPK_01118	11	1124	0
KIGLMMPK_01119	6	765	0
KIGLMMPK_01120	400	39281	0
KIGLMMPK_01121	317	34824	0
KIGLMMPK_01122	168	17159	0
KIGLMMPK_01123	54	7122	0
KIGLMMPK_01124	8	1153	0
KIGLMMPK_01125	45	3296	0
KIGLMMPK_01126	10	1283	0
KIGLMMPK_01127	15	3460	0
KIGLMMPK_01128	183	17307	0
KIGLMMPK_01129	3	692	0
KIGLMMPK_01130	72	7437	0
KIGLMMPK_01131	100	10851	0
KIGLMMPK_01132	24	4100	0
KIGLMMPK_01133	0	42	0
KIGLMMPK_01134	901	79586	0
KIGLMMPK_01135	271	25417	0
KIGLMMPK_01136	222	22806	0
KIGLMMPK_01137	1171	123696	0
KIGLMMPK_01138	61	7137	0
KIGLMMPK_01139	61	7576	0
KIGLMMPK_01140	97	10662	0
KIGLMMPK_01141	129	14445	0
KIGLMMPK_01142	5	1069	0
KIGLMMPK_01143	14	2055	0
KIGLMMPK_01144	17	3675	0
KIGLMMPK_01145	7	1174	0
KIGLMMPK_01146	8	1435	0
KIGLMMPK_01147	6	1785	0
KIGLMMPK_01148	23	2219	0
KIGLMMPK_01149	5	1317	0
KIGLMMPK_01150	9	903	0
KIGLMMPK_01151	29	3145	0
KIGLMMPK_01152	7	2066	0
KIGLMMPK_01153	7	2018	0
KIGLMMPK_01154	16	2082	0
KIGLMMPK_01155	47	4970	0
KIGLMMPK_01156	10	833	0
KIGLMMPK_01157	23	3937	0
KIGLMMPK_01158	40	4435	0
KIGLMMPK_01159	28	2874	0
KIGLMMPK_01160	56	5406	0
KIGLMMPK_01161	17	1746	0
KIGLMMPK_01162	53	5343	0
KIGLMMPK_01163	0	0	0
KIGLMMPK_01164	23	2343	0
KIGLMMPK_01165	70	7870	0
KIGLMMPK_01166	11	1155	0
KIGLMMPK_01167	10	2157	0
KIGLMMPK_01168	120	9294	0
KIGLMMPK_01169	21	2245	0
KIGLMMPK_01170	147	17915	0
KIGLMMPK_01171	0	0	0
KIGLMMPK_01172	57	6205	0
KIGLMMPK_01173	509	55752	0
KIGLMMPK_01174	0	0	0
KIGLMMPK_01175	42	6053	0
KIGLMMPK_01176	17	1558	0
KIGLMMPK_01177	127	15747	0
KIGLMMPK_01178	386	45360	0
KIGLMMPK_01179	481	55300	0
KIGLMMPK_01180	4	813	0
KIGLMMPK_01181	127	15846	0
KIGLMMPK_01182	32	4615	0
KIGLMMPK_01183	274	24766	0
KIGLMMPK_01184	91	10239	0
KIGLMMPK_01185	171	19269	0
KIGLMMPK_01205	1	89	0
KIGLMMPK_01206	0	1	0
KIGLMMPK_01207	0	48	0
KIGLMMPK_01208	1	103	0
KIGLMMPK_01209	1	69	0
KIGLMMPK_01210	0	62	0
KIGLMMPK_01211	0	9	0
KIGLMMPK_01212	11	1114	0
KIGLMMPK_01213	9	1501	0
KIGLMMPK_01214	2	147	0
KIGLMMPK_01215	0	10	0
KIGLMMPK_01216	0	6	0
KIGLMMPK_01217	0	21	0
KIGLMMPK_01218	0	19	0
KIGLMMPK_01219	0	25	0
KIGLMMPK_01220	0	60	0
KIGLMMPK_01221	1	66	0
KIGLMMPK_01222	1	202	0
KIGLMMPK_01223	0	365	0
KIGLMMPK_01224	2	279	0
KIGLMMPK_01225	0	10	0
KIGLMMPK_01226	4	753	0
KIGLMMPK_01227	0	42	0
KIGLMMPK_01228	0	0	0
KIGLMMPK_01229	0	66	0
KIGLMMPK_01230	0	29	0
KIGLMMPK_01231	0	120	0
KIGLMMPK_01232	0	97	0
KIGLMMPK_01233	1	210	0
KIGLMMPK_01234	3	310	0
KIGLMMPK_01235	0	243	0
KIGLMMPK_01236	101	8265	0
KIGLMMPK_01237	3	506	0
KIGLMMPK_01238	0	135	0
KIGLMMPK_01239	21	1367	0
KIGLMMPK_01240	13	940	0
KIGLMMPK_01241	1	74	0
KIGLMMPK_01242	3	299	0
KIGLMMPK_01243	0	85	0
KIGLMMPK_01244	1	4	0
KIGLMMPK_01245	1	22	0
KIGLMMPK_01246	0	29	0
KIGLMMPK_01247	0	4	0
KIGLMMPK_01248	0	32	0
KIGLMMPK_01249	0	38	0
KIGLMMPK_01250	1	103	0
KIGLMMPK_01251	10	1095	0
KIGLMMPK_01252	0	63	0
KIGLMMPK_01253	1	534	0
KIGLMMPK_01254	56	4985	0
KIGLMMPK_01255	4	157	0
KIGLMMPK_01256	10	747	0
KIGLMMPK_01257	0	28	0
KIGLMMPK_01258	0	7	0
KIGLMMPK_01259	8	1507	0
KIGLMMPK_01260	46	4768	0
KIGLMMPK_01261	214	24416	0
KIGLMMPK_01262	7	373	0
KIGLMMPK_01263	36	4211	0
KIGLMMPK_01264	33	3859	0
KIGLMMPK_01265	108	9372	0
KIGLMMPK_01266	47	4941	0
KIGLMMPK_01267	11	2433	0
KIGLMMPK_01268	224	23668	0
KIGLMMPK_01269	10	1706	0
KIGLMMPK_01270	36	4827	0
KIGLMMPK_01271	694	77733	0
KIGLMMPK_01272	28	3354	0
KIGLMMPK_01273	3	374	0
KIGLMMPK_01274	8	549	0
KIGLMMPK_01275	18	2156	0
KIGLMMPK_01276	22	4541	0
KIGLMMPK_01277	119	12663	0
KIGLMMPK_01278	289	27632	0
KIGLMMPK_01279	0	0	0
KIGLMMPK_01280	36	6011	0
KIGLMMPK_01281	21	3374	0
KIGLMMPK_01282	7	2393	0
KIGLMMPK_01283	0	1	0
KIGLMMPK_01284	73	6221	0
KIGLMMPK_01285	19	2316	0
KIGLMMPK_01286	32	4493	0
KIGLMMPK_01287	39	3952	0
KIGLMMPK_01288	83	6122	0
KIGLMMPK_01289	8	2745	0
KIGLMMPK_01290	171	20129	0
KIGLMMPK_01291	256	25797	0
KIGLMMPK_01292	5	319	0
KIGLMMPK_01293	13	2154	0
KIGLMMPK_01294	1	163	0
KIGLMMPK_01295	16	1346	0
KIGLMMPK_01296	25	5055	0
KIGLMMPK_01297	7	1571	0
KIGLMMPK_01298	564	55084	0
KIGLMMPK_01299	79	7756	0
KIGLMMPK_01300	535	56417	0
KIGLMMPK_01301	21	2586	0
KIGLMMPK_01302	133	12027	0
KIGLMMPK_01303	79	6874	0
KIGLMMPK_01304	1	402	0
KIGLMMPK_01305	14	1189	0
KIGLMMPK_01306	35	6745	0
KIGLMMPK_01307	32	4569	0
KIGLMMPK_01308	0	575	0
KIGLMMPK_01309	25	2578	0
KIGLMMPK_01310	43	6519	0
KIGLMMPK_01311	24	3374	0
KIGLMMPK_01312	15	2153	0
KIGLMMPK_01313	41	5764	0
KIGLMMPK_01314	121	11044	0
KIGLMMPK_01315	85	7095	0
KIGLMMPK_01316	38	4001	0
KIGLMMPK_01317	45	4801	0
KIGLMMPK_01318	4	950	0
KIGLMMPK_01319	75	6937	0
KIGLMMPK_01320	136	15816	0
KIGLMMPK_01321	70	6680	0
KIGLMMPK_01322	15	2223	0
KIGLMMPK_01323	15	2141	0
KIGLMMPK_01324	3	135	0
KIGLMMPK_01325	15	4579	0
KIGLMMPK_01326	24	4765	0
KIGLMMPK_01327	15	1178	0
KIGLMMPK_01328	10	1808	0
KIGLMMPK_01329	82	9188	0
KIGLMMPK_01330	50	5045	0
KIGLMMPK_01331	32	4102	0
KIGLMMPK_01332	22	2683	0
KIGLMMPK_01333	20	2700	0
KIGLMMPK_01334	95	11926	0
KIGLMMPK_01335	264	24239	0
KIGLMMPK_01336	42	5932	0
KIGLMMPK_01337	13	1371	0
KIGLMMPK_01338	74	7087	0
KIGLMMPK_01339	4	850	0
KIGLMMPK_01340	7	1343	0
KIGLMMPK_01341	12	1777	0
KIGLMMPK_01342	14	1345	0
KIGLMMPK_01343	18	2313	0
KIGLMMPK_01344	32	2655	0
KIGLMMPK_01345	126	16259	0
KIGLMMPK_01346	7	633	0
KIGLMMPK_01347	0	33	0
KIGLMMPK_01348	46	4287	0
KIGLMMPK_01349	40	3368	0
KIGLMMPK_01350	8	456	0
KIGLMMPK_01351	38	5813	0
KIGLMMPK_01352	12	1737	0
KIGLMMPK_01353	15	2375	0
KIGLMMPK_01354	16	1514	0
KIGLMMPK_01355	26	2246	0
KIGLMMPK_01356	103	9192	0
KIGLMMPK_01357	12	1765	0
KIGLMMPK_01358	17	3279	0
KIGLMMPK_01359	0	7	0
KIGLMMPK_01360	1	524	0
KIGLMMPK_01361	0	50	0
KIGLMMPK_01362	2	416	0
KIGLMMPK_01363	10	491	0
KIGLMMPK_01365	0	189	0
KIGLMMPK_01366	64	7133	0
KIGLMMPK_01367	45	5616	0
KIGLMMPK_01368	91	10755	0
KIGLMMPK_01369	0	10	0
KIGLMMPK_01370	0	86	0
KIGLMMPK_01371	8	675	0
KIGLMMPK_01372	14	1011	0
KIGLMMPK_01373	25	1975	0
KIGLMMPK_01374	51	2992	0
KIGLMMPK_01375	79	9468	0
KIGLMMPK_01376	6	463	0
KIGLMMPK_01377	17	1594	0
KIGLMMPK_01378	27	2813	0
KIGLMMPK_01379	31	3171	0
KIGLMMPK_01380	147	13140	0
KIGLMMPK_01381	107	8358	0
KIGLMMPK_01382	82	7933	0
KIGLMMPK_01383	0	26	0
KIGLMMPK_01384	1	27	0
KIGLMMPK_01385	2	25	0
KIGLMMPK_01386	0	23	0
KIGLMMPK_01387	2	115	0
KIGLMMPK_01388	174	16699	0
KIGLMMPK_01389	237	28732	0
KIGLMMPK_01390	126	13884	0
KIGLMMPK_01391	382	38377	0
KIGLMMPK_01392	1057	112163	0
KIGLMMPK_01393	39	4169	0
KIGLMMPK_01394	737	76210	0
KIGLMMPK_01395	168	18544	0
KIGLMMPK_01396	623	70383	0
KIGLMMPK_01397	2192	217453	0
KIGLMMPK_01398	984	100246	0
KIGLMMPK_01399	873	89002	0
KIGLMMPK_01400	290	30480	0
KIGLMMPK_01401	1330	124743	0
KIGLMMPK_01402	1353	140306	0
KIGLMMPK_01403	1108	122843	0
KIGLMMPK_01404	0	24	0
KIGLMMPK_01405	0	60	0
KIGLMMPK_01406	0	34	0
KIGLMMPK_01407	0	5	0
KIGLMMPK_01408	0	13	0
KIGLMMPK_01409	0	46	0
KIGLMMPK_01410	55	5979	0
KIGLMMPK_01411	11	1130	0
KIGLMMPK_01412	24	4686	0
KIGLMMPK_01413	31	3748	0
KIGLMMPK_01414	111	11305	0
KIGLMMPK_01415	93	10032	0
KIGLMMPK_01416	5	754	0
KIGLMMPK_01417	17	1719	0
KIGLMMPK_01418	149	16943	0
KIGLMMPK_01419	25	3725	0
KIGLMMPK_01420	21	2321	0
KIGLMMPK_01421	112	9317	0
KIGLMMPK_01422	372	38328	0
KIGLMMPK_01423	90	8901	0
KIGLMMPK_01424	44	4726	0
KIGLMMPK_01425	60	7399	0
KIGLMMPK_01426	18	1700	0
KIGLMMPK_01427	33	1654	0
KIGLMMPK_01428	33	4824	0
KIGLMMPK_01429	0	66	0
KIGLMMPK_01430	1	223	0
KIGLMMPK_01431	2	336	0
KIGLMMPK_01432	1	985	0
KIGLMMPK_01433	25	2136	0
KIGLMMPK_01434	16	3686	0
KIGLMMPK_01435	21	4009	0
KIGLMMPK_01436	3	505	0
KIGLMMPK_01437	4	533	0
KIGLMMPK_01438	25	1950	0
KIGLMMPK_01439	16	1029	0
KIGLMMPK_01440	36	2784	0
KIGLMMPK_01441	28	3492	0
KIGLMMPK_01442	58	6069	0
KIGLMMPK_01443	27	3214	0
KIGLMMPK_01444	18	1318	0
KIGLMMPK_01445	150	16439	0
KIGLMMPK_01446	1	542	0
KIGLMMPK_01448	90	10002	0
KIGLMMPK_01449	46	3156	0
KIGLMMPK_01450	15	1797	0
KIGLMMPK_01451	29	3979	0
KIGLMMPK_01452	0	31	0
KIGLMMPK_01453	58	5315	0
KIGLMMPK_01454	21	2970	0
KIGLMMPK_01455	496	61503	0
KIGLMMPK_01456	18	1144	0
KIGLMMPK_01458	120	9863	0
KIGLMMPK_01459	3	417	0
KIGLMMPK_01460	5	1113	0
KIGLMMPK_01461	14	1911	0
KIGLMMPK_01462	1	182	0
KIGLMMPK_01463	57	5557	0
KIGLMMPK_01464	30	2651	0
KIGLMMPK_01465	0	0	0
KIGLMMPK_01466	187	21285	0
KIGLMMPK_01467	196	23312	0
KIGLMMPK_01468	120	11514	0
KIGLMMPK_01469	7	1735	0
KIGLMMPK_01470	63	7903	0
KIGLMMPK_01471	24	2618	0
KIGLMMPK_01472	72	8084	0
KIGLMMPK_01473	69	9724	0
KIGLMMPK_01474	2	1568	0
KIGLMMPK_01475	27	2128	0
KIGLMMPK_01476	8	1009	0
KIGLMMPK_01477	56	4733	0
KIGLMMPK_01478	2	692	0
KIGLMMPK_01479	25	2125	0
KIGLMMPK_01480	4	741	0
KIGLMMPK_01481	75	7780	0
KIGLMMPK_01482	12	2252	0
KIGLMMPK_01483	11	1744	0
KIGLMMPK_01484	17	1530	0
KIGLMMPK_01485	20	1616	0
KIGLMMPK_01486	1	37	0
KIGLMMPK_01487	8	1285	0
KIGLMMPK_01488	578	58053	0
KIGLMMPK_01489	83	9998	0
KIGLMMPK_01490	239	19032	0
KIGLMMPK_01491	19	2344	0
KIGLMMPK_01492	42	3567	0
KIGLMMPK_01493	48	3696	0
KIGLMMPK_01494	69	8900	0
KIGLMMPK_01495	31	2928	0
KIGLMMPK_01496	70	7343	0
KIGLMMPK_01497	38	4610	0
KIGLMMPK_01498	5	3218	0
KIGLMMPK_01499	1564	149180	0
KIGLMMPK_01500	0	90	0
KIGLMMPK_01501	2	519	0
KIGLMMPK_01502	266	27500	0
KIGLMMPK_01503	21	2315	0
KIGLMMPK_01504	167	17212	0
KIGLMMPK_01505	80	9058	0
KIGLMMPK_01506	0	461	0
KIGLMMPK_01507	0	28	0
KIGLMMPK_01508	7	2485	0
KIGLMMPK_01509	54	4690	0
KIGLMMPK_01510	0	30	0
KIGLMMPK_01511	0	0	0
KIGLMMPK_01512	111	11748	0
KIGLMMPK_01513	3	687	0
KIGLMMPK_01514	8	938	0
KIGLMMPK_01515	59	9679	0
KIGLMMPK_01516	111	11169	0
KIGLMMPK_01517	216	16717	0
KIGLMMPK_01518	14	1862	0
KIGLMMPK_01519	0	55	0
KIGLMMPK_01520	1	105	0
KIGLMMPK_01521	0	58	0
KIGLMMPK_01522	0	44	0
KIGLMMPK_01523	0	154	0
KIGLMMPK_01524	35	4402	0
KIGLMMPK_01525	125	13357	0
KIGLMMPK_01526	5	531	0
KIGLMMPK_01527	77	10831	0
KIGLMMPK_01528	48	4139	0
KIGLMMPK_01529	42	3633	0
KIGLMMPK_01530	0	151	0
KIGLMMPK_01531	23	3281	0
KIGLMMPK_01532	81	7552	0
KIGLMMPK_01533	458	49153	0
KIGLMMPK_01534	51	4689	0
KIGLMMPK_01535	19	2035	0
KIGLMMPK_01536	43	3953	0
KIGLMMPK_01537	123	10039	0
KIGLMMPK_01538	10	2695	0
KIGLMMPK_01539	28	3294	0
KIGLMMPK_01540	26	3158	0
KIGLMMPK_01541	27	3934	0
KIGLMMPK_01542	55	5816	0
KIGLMMPK_01543	162	16642	0
KIGLMMPK_01544	28	2458	0
KIGLMMPK_01545	13	1212	0
KIGLMMPK_01546	25	2542	0
KIGLMMPK_01547	26	3457	0
KIGLMMPK_01548	44	4271	0
KIGLMMPK_01549	33	3284	0
KIGLMMPK_01550	48	4715	0
KIGLMMPK_01551	85	7846	0
KIGLMMPK_01552	185	19714	0
KIGLMMPK_01553	0	11	0
KIGLMMPK_01554	10	1395	0
KIGLMMPK_01555	169	17341	0
KIGLMMPK_01556	53	6172	0
KIGLMMPK_01557	73	8842	0
KIGLMMPK_01558	12	1075	0
KIGLMMPK_01559	51	7061	0
KIGLMMPK_01560	60	5151	0
KIGLMMPK_01561	23	3638	0
KIGLMMPK_01562	2	488	0
KIGLMMPK_01563	11	1356	0
KIGLMMPK_01564	1	330	0
KIGLMMPK_01565	138	14870	0
KIGLMMPK_01566	0	0	0
KIGLMMPK_01567	0	2	0
KIGLMMPK_01568	0	23	0
KIGLMMPK_01569	2	148	0
KIGLMMPK_01570	1	199	0
KIGLMMPK_01571	1	251	0
KIGLMMPK_01572	56	7851	0
KIGLMMPK_01573	26	2986	0
KIGLMMPK_01574	20	2054	0
KIGLMMPK_01575	0	207	0
KIGLMMPK_01576	0	13	0
KIGLMMPK_01577	0	97	0
KIGLMMPK_01578	1	49	0
KIGLMMPK_01579	0	51	0
KIGLMMPK_01580	0	15	0
KIGLMMPK_01581	0	21	0
KIGLMMPK_01582	2	630	0
KIGLMMPK_01583	0	11	0
KIGLMMPK_01584	0	36	0
KIGLMMPK_01585	14	989	0
KIGLMMPK_01586	7	1170	0
KIGLMMPK_01587	483	43464	0
KIGLMMPK_01588	32	2955	0
KIGLMMPK_01589	70	8744	0
KIGLMMPK_01590	67	9526	0
KIGLMMPK_01591	95	9848	0
KIGLMMPK_01592	73	8227	0
KIGLMMPK_01593	64	8935	0
KIGLMMPK_01594	114	10536	0
KIGLMMPK_01595	31	2108	0
KIGLMMPK_01596	10	1224	0
KIGLMMPK_01597	12	2307	0
KIGLMMPK_01598	1	83	0
KIGLMMPK_01599	12	936	0
KIGLMMPK_01600	5	832	0
KIGLMMPK_01601	6	617	0
KIGLMMPK_01602	1	415	0
KIGLMMPK_01603	81	8071	0
KIGLMMPK_01604	50	4901	0
KIGLMMPK_01605	1	613	0
KIGLMMPK_01606	9	1190	0
KIGLMMPK_01607	6	741	0
KIGLMMPK_01608	1	87	0
KIGLMMPK_01609	13	1551	0
KIGLMMPK_01610	23	1923	0
KIGLMMPK_01611	5	352	0
KIGLMMPK_01612	11	2430	0
KIGLMMPK_01613	35	4034	0
KIGLMMPK_01614	61	8812	0
KIGLMMPK_01615	124	12548	0
KIGLMMPK_01616	48	4903	0
KIGLMMPK_01617	21	2658	0
KIGLMMPK_01618	0	7	0
KIGLMMPK_01619	0	11	0
KIGLMMPK_01620	4	163	0
KIGLMMPK_01621	16	1833	0
KIGLMMPK_01622	0	139	0
KIGLMMPK_01623	6	1428	0
KIGLMMPK_01624	3	184	0
KIGLMMPK_01625	4	581	0
KIGLMMPK_01626	14	1514	0
KIGLMMPK_01627	7	313	0
KIGLMMPK_01628	1	340	0
KIGLMMPK_01629	1	145	0
KIGLMMPK_01630	1	83	0
KIGLMMPK_01631	0	68	0
KIGLMMPK_01632	1	292	0
KIGLMMPK_01633	0	404	0
KIGLMMPK_01634	11	1577	0
KIGLMMPK_01635	1	245	0
KIGLMMPK_01636	19	1877	0
KIGLMMPK_01637	17	1454	0
KIGLMMPK_01638	2010	193844	0
KIGLMMPK_01639	0	498	0
KIGLMMPK_01640	7	802	0
KIGLMMPK_01641	0	212	0
KIGLMMPK_01642	9	2241	0
KIGLMMPK_01643	4	229	0
KIGLMMPK_01644	0	171	0
KIGLMMPK_01645	2	1198	0
KIGLMMPK_01646	0	47	0
KIGLMMPK_01647	0	49	0
KIGLMMPK_01648	0	20	0
KIGLMMPK_01649	0	18	0
KIGLMMPK_01650	0	0	0
KIGLMMPK_01651	22	3330	0
KIGLMMPK_01652	237	24976	0
KIGLMMPK_01653	149	11727	0
KIGLMMPK_01654	306	24778	0
KIGLMMPK_01655	0	90	0
KIGLMMPK_01656	1	159	0
KIGLMMPK_01657	0	75	0
KIGLMMPK_01658	0	38	0
KIGLMMPK_01659	59	6011	0
KIGLMMPK_01660	595	54762	0
KIGLMMPK_01661	33	2122	0
KIGLMMPK_01662	86	9326	0
KIGLMMPK_01663	496	36258	0
KIGLMMPK_01664	133	13920	0
KIGLMMPK_01665	11	1268	0
KIGLMMPK_01666	124	9603	0
KIGLMMPK_01667	151	14654	0
KIGLMMPK_01668	40	3542	0
KIGLMMPK_01669	48	4673	0
KIGLMMPK_01671	7	496	0
KIGLMMPK_01672	7	661	0
KIGLMMPK_01673	5	816	0
KIGLMMPK_01674	7	639	0
KIGLMMPK_01675	0	12	0
KIGLMMPK_01676	151	20727	0
KIGLMMPK_01677	3	709	0
KIGLMMPK_01678	0	15	0
KIGLMMPK_01679	0	21	0
KIGLMMPK_01680	0	8	0
KIGLMMPK_01681	0	0	0
KIGLMMPK_01682	0	2	0
KIGLMMPK_01683	0	3	0
KIGLMMPK_01684	0	4	0
KIGLMMPK_01685	0	3	0
KIGLMMPK_01686	0	1	0
KIGLMMPK_01687	0	7	0
KIGLMMPK_01688	0	23	0
KIGLMMPK_01689	0	36	0
KIGLMMPK_01690	1	349	0
KIGLMMPK_01691	7	729	0
KIGLMMPK_01692	1	81	0
KIGLMMPK_01693	0	34	0
KIGLMMPK_01694	1	72	0
KIGLMMPK_01695	0	13	0
KIGLMMPK_01696	7	1555	0
KIGLMMPK_01697	0	349	0
KIGLMMPK_01698	3	355	0
KIGLMMPK_01699	36	5228	0
KIGLMMPK_01700	5	532	0
KIGLMMPK_01701	0	33	0
KIGLMMPK_01702	0	32	0
KIGLMMPK_01703	0	0	0
KIGLMMPK_01704	1	48	0
KIGLMMPK_01705	0	7	0
KIGLMMPK_01706	0	16	0
KIGLMMPK_01707	1	37	0
KIGLMMPK_01708	0	9	0
KIGLMMPK_01709	210	19382	0
KIGLMMPK_01710	3	595	0
KIGLMMPK_01711	40	4052	0
KIGLMMPK_01712	0	0	0
KIGLMMPK_01713	0	8	0
KIGLMMPK_01714	0	51	0
KIGLMMPK_01715	85	9886	0
KIGLMMPK_01716	51	5171	0
KIGLMMPK_01717	32	3114	0
KIGLMMPK_01718	7	1931	0
KIGLMMPK_01719	40	4277	0
KIGLMMPK_01720	3	922	0
KIGLMMPK_01721	9	449	0
KIGLMMPK_01722	10	1318	0
KIGLMMPK_01723	37	2440	0
KIGLMMPK_01724	17	959	0
KIGLMMPK_01725	2	821	0
KIGLMMPK_01726	0	0	0
KIGLMMPK_01727	158	12808	0
KIGLMMPK_01728	192	18765	0
KIGLMMPK_01729	148	14927	0
KIGLMMPK_01730	48	4975	0
KIGLMMPK_01731	217	24185	0
KIGLMMPK_01732	22	1950	0
KIGLMMPK_01733	85	6139	0
KIGLMMPK_01734	98	11592	0
KIGLMMPK_01735	245	25555	0
KIGLMMPK_01736	42	6536	0
KIGLMMPK_01737	125	12266	0
KIGLMMPK_01738	20	2540	0
KIGLMMPK_01739	21	3141	0
KIGLMMPK_01740	40	6038	0
KIGLMMPK_01741	34	4697	0
KIGLMMPK_01742	28	3628	0
KIGLMMPK_01743	0	187	0
KIGLMMPK_01744	134	17062	0
KIGLMMPK_01745	13	1254	0
KIGLMMPK_01746	8	1138	0
KIGLMMPK_01747	18	1668	0
KIGLMMPK_01748	5	809	0
KIGLMMPK_01749	6	1487	0
KIGLMMPK_01750	0	68	0
KIGLMMPK_01751	3	167	0
KIGLMMPK_01752	4	134	0
KIGLMMPK_01753	0	57	0
KIGLMMPK_01754	0	54	0
KIGLMMPK_01755	0	72	0
KIGLMMPK_01756	1	166	0
KIGLMMPK_01757	0	64	0
KIGLMMPK_01758	4	140	0
KIGLMMPK_01759	10	2241	0
KIGLMMPK_01760	4	595	0
KIGLMMPK_01761	37	3073	0
KIGLMMPK_01762	19	2742	0
KIGLMMPK_01763	36	2844	0
KIGLMMPK_01764	19	1937	0
KIGLMMPK_01765	6	1225	0
KIGLMMPK_01766	0	245	0
KIGLMMPK_01767	2	172	0
KIGLMMPK_01768	1	196	0
KIGLMMPK_01769	4	1180	0
KIGLMMPK_01770	6	1135	0
KIGLMMPK_01771	1	60	0
KIGLMMPK_01772	23	2056	0
KIGLMMPK_01773	253	28960	0
KIGLMMPK_01774	177	16984	0
KIGLMMPK_01775	67	7544	0
KIGLMMPK_01776	14	3577	0
KIGLMMPK_01777	72	7453	0
KIGLMMPK_01778	72	7925	0
KIGLMMPK_01779	16	2553	0
KIGLMMPK_01780	1	724	0
KIGLMMPK_01781	6	556	0
KIGLMMPK_01782	12	505	0
KIGLMMPK_01783	1	449	0
KIGLMMPK_01784	29	2898	0
KIGLMMPK_01785	89	10112	0
KIGLMMPK_01786	62	5138	0
KIGLMMPK_01787	414	43376	0
KIGLMMPK_01788	175	19621	0
KIGLMMPK_01789	5	756	0
KIGLMMPK_01790	37	4743	0
KIGLMMPK_01791	106	11046	0
KIGLMMPK_01792	13	1980	0
KIGLMMPK_01793	136	15379	0
KIGLMMPK_01794	292	30585	0
KIGLMMPK_01795	302	28418	0
KIGLMMPK_01796	101	12504	0
KIGLMMPK_01797	82	10717	0
KIGLMMPK_01798	42	5007	0
KIGLMMPK_01799	2	208	0
KIGLMMPK_01800	4	542	0
KIGLMMPK_01801	1	360	0
KIGLMMPK_01802	1	303	0
KIGLMMPK_01803	0	15	0
KIGLMMPK_01804	6	1059	0
KIGLMMPK_01805	1	135	0
KIGLMMPK_01806	0	78	0
KIGLMMPK_01807	39	5905	0
KIGLMMPK_01808	122	12004	0
KIGLMMPK_01809	83	7540	0
KIGLMMPK_01810	84	7868	0
KIGLMMPK_01811	61	7223	0
KIGLMMPK_01812	126	16255	0
KIGLMMPK_01813	69	8704	0
KIGLMMPK_01814	255	27382	0
KIGLMMPK_01815	171	21371	0
KIGLMMPK_01816	0	5	0
KIGLMMPK_01817	40	4225	0
KIGLMMPK_01818	252	27068	0
KIGLMMPK_01819	43	3130	0
KIGLMMPK_01820	27	3082	0
KIGLMMPK_01821	11	1959	0
KIGLMMPK_01822	0	140	0
KIGLMMPK_01823	24	2956	0
KIGLMMPK_01824	8	1108	0
KIGLMMPK_01825	6	696	0
KIGLMMPK_01826	0	103	0
KIGLMMPK_01827	3	848	0
KIGLMMPK_01828	2	840	0
KIGLMMPK_01829	121	10139	0
KIGLMMPK_01830	133	12604	0
KIGLMMPK_01831	2	825	0
KIGLMMPK_01832	1	667	0
KIGLMMPK_01833	27	4037	0
KIGLMMPK_01834	94	8304	0
KIGLMMPK_01835	26	2112	0
KIGLMMPK_01836	71	11822	0
KIGLMMPK_01837	199	21476	0
KIGLMMPK_01838	26	3150	0
KIGLMMPK_01839	10	2212	0
KIGLMMPK_01840	95	8744	0
KIGLMMPK_01841	35	2887	0
KIGLMMPK_01842	156	16406	0
KIGLMMPK_01843	165	18169	0
KIGLMMPK_01844	65	6845	0
KIGLMMPK_01845	11	1084	0
KIGLMMPK_01846	23	2657	0
KIGLMMPK_01847	83	7655	0
KIGLMMPK_01848	44	5645	0
KIGLMMPK_01849	229	24657	0
KIGLMMPK_01850	145	14920	0
KIGLMMPK_01851	25	2788	0
KIGLMMPK_01852	0	40	0
KIGLMMPK_01853	0	1	0
KIGLMMPK_01854	0	36	0
KIGLMMPK_01855	2128	223572	0
KIGLMMPK_01856	4	416	0
KIGLMMPK_01857	19	2331	0
KIGLMMPK_01858	73	7790	0
KIGLMMPK_01859	5	511	0
KIGLMMPK_01860	31	2590	0
KIGLMMPK_01861	7	969	0
KIGLMMPK_01862	1	462	0
KIGLMMPK_01863	4	571	0
KIGLMMPK_01864	21	2602	0
KIGLMMPK_01865	112	11159	0
KIGLMMPK_01866	82	8939	0
KIGLMMPK_01867	80	12893	0
KIGLMMPK_01868	15	2842	0
KIGLMMPK_01869	0	718	0
KIGLMMPK_01870	14	2353	0
KIGLMMPK_01871	25	3739	0
KIGLMMPK_01872	12	1124	0
KIGLMMPK_01873	7	660	0
KIGLMMPK_01874	6	676	0
KIGLMMPK_01875	5	628	0
KIGLMMPK_01876	3	416	0
KIGLMMPK_01877	4	967	0
KIGLMMPK_01878	137	14767	0
KIGLMMPK_01879	5	675	0
KIGLMMPK_01880	7	524	0
KIGLMMPK_01881	50	3777	0
KIGLMMPK_01882	111	13296	0
KIGLMMPK_01883	0	38	0
KIGLMMPK_01884	0	61	0
KIGLMMPK_01885	0	21	0
KIGLMMPK_01886	0	31	0
KIGLMMPK_01887	0	0	0
KIGLMMPK_01888	0	6	0
KIGLMMPK_01889	3	336	0
KIGLMMPK_01890	0	44	0
KIGLMMPK_01891	0	30	0
KIGLMMPK_01892	0	50	0
KIGLMMPK_01893	0	54	0
KIGLMMPK_01894	0	0	0
KIGLMMPK_01895	0	0	0
KIGLMMPK_01896	0	0	0
KIGLMMPK_01897	3	1190	0
KIGLMMPK_01898	1	186	0
KIGLMMPK_01899	4	684	0
KIGLMMPK_01900	1	544	0
KIGLMMPK_01901	5	328	0
KIGLMMPK_01902	4	175	0
KIGLMMPK_01903	1	43	0
KIGLMMPK_01904	3	187	0
KIGLMMPK_01905	0	104	0
KIGLMMPK_01906	16	1592	0
KIGLMMPK_01907	6	559	0
KIGLMMPK_01908	8	582	0
KIGLMMPK_01909	7	771	0
KIGLMMPK_01910	1	248	0
KIGLMMPK_01911	4	170	0
KIGLMMPK_01912	0	121	0
KIGLMMPK_01913	2	143	0
KIGLMMPK_01914	18	2074	0
KIGLMMPK_01915	39	3778	0
KIGLMMPK_01916	6	622	0
KIGLMMPK_01917	6	540	0
KIGLMMPK_01918	37	3912	0
KIGLMMPK_01919	0	0	0
KIGLMMPK_01920	0	0	0
KIGLMMPK_01921	3	770	0
KIGLMMPK_01922	8	1105	0
KIGLMMPK_01923	25	2009	0
KIGLMMPK_01924	2	561	0
KIGLMMPK_01925	2	524	0
KIGLMMPK_01926	6	827	0
KIGLMMPK_01927	32	4453	0
KIGLMMPK_01928	32	4954	0
KIGLMMPK_01929	37	3285	0
KIGLMMPK_01930	101	10993	0
KIGLMMPK_01931	8	535	0
KIGLMMPK_01932	0	223	0
KIGLMMPK_01933	22	3090	0
KIGLMMPK_01934	29	3022	0
KIGLMMPK_01935	40	3620	0
KIGLMMPK_01936	23	1864	0
KIGLMMPK_01937	3	450	0
KIGLMMPK_01938	19	2067	0
KIGLMMPK_01939	76	6057	0
KIGLMMPK_01940	1	428	0
KIGLMMPK_01942	253	26489	0
KIGLMMPK_01943	1	25	0
KIGLMMPK_01944	0	0	0
KIGLMMPK_01945	10	1108	0
KIGLMMPK_01946	0	609	0
KIGLMMPK_01947	0	7	0
KIGLMMPK_01948	13	1471	0
KIGLMMPK_01949	30	2315	0
KIGLMMPK_01950	194	16409	0
KIGLMMPK_01951	0	29	0
KIGLMMPK_01952	151	14222	0
KIGLMMPK_01953	0	99	0
KIGLMMPK_01954	0	5	0
KIGLMMPK_01955	0	0	0
KIGLMMPK_01956	1	140	0
KIGLMMPK_01957	0	4	0
KIGLMMPK_01958	406	43753	0
KIGLMMPK_01959	99	14969	0
KIGLMMPK_01960	38	2899	0
KIGLMMPK_01961	13	2253	0
KIGLMMPK_01962	17	2084	0
KIGLMMPK_01963	16	2548	0
KIGLMMPK_01964	267	27852	0
KIGLMMPK_01965	0	84	0
KIGLMMPK_01966	1	110	0
KIGLMMPK_01967	47	3701	0
KIGLMMPK_01968	16	2613	0
KIGLMMPK_01969	4	434	0
KIGLMMPK_01970	4	1650	0
KIGLMMPK_01972	1	129	0
KIGLMMPK_01973	0	1	0
KIGLMMPK_01975	0	0	0
KIGLMMPK_01976	0	2	0
KIGLMMPK_01977	0	52	0
KIGLMMPK_01978	82	5849	0
KIGLMMPK_01979	8	2332	0
KIGLMMPK_01980	7	1128	0
KIGLMMPK_01981	9	1090	0
KIGLMMPK_01982	0	35	0
KIGLMMPK_01983	0	11	0
KIGLMMPK_01984	0	7	0
KIGLMMPK_01985	0	0	0
KIGLMMPK_01986	14	674	0
KIGLMMPK_01987	2	818	0
KIGLMMPK_01988	0	337	0
KIGLMMPK_01989	1	410	0
KIGLMMPK_01990	0	65	0
KIGLMMPK_01991	1	706	0
KIGLMMPK_01992	0	2	0
KIGLMMPK_01993	0	15	0
KIGLMMPK_01994	0	77	0
KIGLMMPK_01995	0	12	0
KIGLMMPK_01996	0	20	0
KIGLMMPK_01997	0	9	0
KIGLMMPK_01998	0	54	0
KIGLMMPK_01999	1	310	0
KIGLMMPK_02000	24	2445	0
KIGLMMPK_02001	1	144	0
KIGLMMPK_02002	0	44	0
KIGLMMPK_02003	0	6	0
KIGLMMPK_02004	0	8	0
KIGLMMPK_02005	37	3388	0
KIGLMMPK_02006	0	1	0
KIGLMMPK_02007	0	0	0
KIGLMMPK_02008	1	58	0
KIGLMMPK_02009	0	104	0
KIGLMMPK_02010	0	12	0
KIGLMMPK_02011	0	29	0
KIGLMMPK_02012	0	49	0
KIGLMMPK_02013	0	26	0
KIGLMMPK_02014	0	26	0
KIGLMMPK_02015	0	37	0
KIGLMMPK_02016	0	12	0
KIGLMMPK_02017	0	58	0
KIGLMMPK_02018	2	242	0
KIGLMMPK_02019	27	3195	0
KIGLMMPK_02020	4	457	0
KIGLMMPK_02021	0	262	0
KIGLMMPK_02022	0	122	0
KIGLMMPK_02023	0	47	0
KIGLMMPK_02024	0	16	0
KIGLMMPK_02025	0	116	0
KIGLMMPK_02026	0	37	0
KIGLMMPK_02027	0	1	0
KIGLMMPK_02028	0	3	0
KIGLMMPK_02029	0	35	0
KIGLMMPK_02030	0	4	0
KIGLMMPK_02031	0	24	0
KIGLMMPK_02032	0	11	0
KIGLMMPK_02033	16	1708	0
KIGLMMPK_02034	32	3879	0
KIGLMMPK_02035	0	5	0
KIGLMMPK_02036	0	0	0
KIGLMMPK_02037	0	0	0
KIGLMMPK_02038	0	2	0
KIGLMMPK_02039	0	0	0
KIGLMMPK_02040	0	4	0
KIGLMMPK_02041	0	83	0
KIGLMMPK_02042	0	5	0
KIGLMMPK_02043	0	72	0
KIGLMMPK_02044	0	1	0
KIGLMMPK_02045	0	3	0
KIGLMMPK_02046	0	0	0
KIGLMMPK_02047	0	30	0
KIGLMMPK_02048	1	161	0
KIGLMMPK_02049	101	10466	0
KIGLMMPK_02050	48	4533	0
KIGLMMPK_02051	10	1529	0
KIGLMMPK_02052	1	654	0
KIGLMMPK_02053	7	1783	0
KIGLMMPK_02054	107	9337	0
KIGLMMPK_02055	14	1630	0
KIGLMMPK_02056	15	756	0
KIGLMMPK_02057	2	653	0
KIGLMMPK_02058	113	13122	0
KIGLMMPK_02059	21	1894	0
KIGLMMPK_02060	27	3662	0
KIGLMMPK_02061	35	4126	0
KIGLMMPK_02062	108	12513	0
KIGLMMPK_02063	0	623	0
KIGLMMPK_02064	0	23	0
KIGLMMPK_02065	0	1	0
KIGLMMPK_02066	11	1713	0
KIGLMMPK_02067	1	341	0
KIGLMMPK_02068	3	231	0
KIGLMMPK_02069	0	91	0
KIGLMMPK_02070	0	14	0
KIGLMMPK_02071	0	16	0
KIGLMMPK_02072	79	8188	0
KIGLMMPK_02073	0	2	0
KIGLMMPK_02074	3	966	0
KIGLMMPK_02075	0	151	0
KIGLMMPK_02076	0	4	0
KIGLMMPK_02077	0	4	0
KIGLMMPK_02078	0	0	0
KIGLMMPK_02079	0	37	0
KIGLMMPK_02080	0	7	0
KIGLMMPK_02081	20	4683	0
KIGLMMPK_02082	1	39	0
KIGLMMPK_02083	0	76	0
KIGLMMPK_02084	1	156	0
KIGLMMPK_02085	0	30	0
KIGLMMPK_02086	0	68	0
KIGLMMPK_02087	2	210	0
KIGLMMPK_02088	0	52	0
KIGLMMPK_02089	71	6978	0
KIGLMMPK_02090	17	3854	0
KIGLMMPK_02091	7	319	0
KIGLMMPK_02092	6	563	0
KIGLMMPK_02093	1	222	0
KIGLMMPK_02094	0	0	0
KIGLMMPK_02095	68	8145	0
KIGLMMPK_02096	45	3239	0
KIGLMMPK_02097	1	298	0
KIGLMMPK_02098	6	830	0
KIGLMMPK_02099	4	1126	0
KIGLMMPK_02100	78	12418	0
KIGLMMPK_02101	103	9106	0
KIGLMMPK_02102	22	2602	0
KIGLMMPK_02103	22	4281	0
KIGLMMPK_02104	196	19174	0
KIGLMMPK_02105	0	149	0
KIGLMMPK_02106	0	94	0
KIGLMMPK_02107	237	22754	0
KIGLMMPK_02108	1	76	0
KIGLMMPK_02109	55	6853	0
KIGLMMPK_02110	43	3430	0
KIGLMMPK_02111	6	429	0
KIGLMMPK_02112	125	11143	0
KIGLMMPK_02113	134	17186	0
KIGLMMPK_02114	24	2411	0
KIGLMMPK_02115	34	5259	0
KIGLMMPK_02116	20	2628	0
KIGLMMPK_02117	0	40	0
KIGLMMPK_02118	0	8	0
KIGLMMPK_02119	0	53	0
KIGLMMPK_02120	0	103	0
KIGLMMPK_02121	1	87	0
KIGLMMPK_02122	16	1536	0
KIGLMMPK_02123	3	689	0
KIGLMMPK_02124	0	3	0
KIGLMMPK_02125	4	991	0
KIGLMMPK_02126	4	1145	0
KIGLMMPK_02127	6	1040	0
KIGLMMPK_02128	3	609	0
KIGLMMPK_02129	7	802	0
KIGLMMPK_02130	0	379	0
KIGLMMPK_02131	6	924	0
KIGLMMPK_02132	19	1581	0
KIGLMMPK_02133	26	3159	0
KIGLMMPK_02134	9	1097	0
KIGLMMPK_02135	14	1224	0
KIGLMMPK_02136	4	1736	0
KIGLMMPK_02137	2	848	0
KIGLMMPK_02138	20	1742	0
KIGLMMPK_02139	34	2480	0
KIGLMMPK_02140	14	3175	0
KIGLMMPK_02141	6	927	0
KIGLMMPK_02142	46	6182	0
KIGLMMPK_02143	4	611	0
KIGLMMPK_02144	18	1451	0
KIGLMMPK_02145	99	12673	0
KIGLMMPK_02146	21	2584	0
KIGLMMPK_02147	25	4155	0
KIGLMMPK_02148	194	20586	0
KIGLMMPK_02149	56	6539	0
KIGLMMPK_02150	1	189	0
KIGLMMPK_02151	865	84365	0
KIGLMMPK_02152	901	105004	0
KIGLMMPK_02153	0	385	0
KIGLMMPK_02154	9	1126	0
KIGLMMPK_02155	2	561	0
KIGLMMPK_02156	204	17007	0
KIGLMMPK_02157	84	6423	0
KIGLMMPK_02158	15	1624	0
KIGLMMPK_02159	6	1919	0
KIGLMMPK_02160	2	160	0
KIGLMMPK_02161	0	150	0
KIGLMMPK_02162	0	54	0
KIGLMMPK_02163	51	6624	0
KIGLMMPK_02164	53	6882	0
KIGLMMPK_02165	20	2576	0
KIGLMMPK_02166	53	5110	0
KIGLMMPK_02167	5	837	0
KIGLMMPK_02168	0	0	0
KIGLMMPK_02169	9	1099	0
KIGLMMPK_02170	340	38790	0
KIGLMMPK_02171	201	20805	0
KIGLMMPK_02172	80	8600	0
KIGLMMPK_02173	389	35636	0
KIGLMMPK_02174	46	4215	0
KIGLMMPK_02175	142	17640	0
KIGLMMPK_02176	143	15110	0
KIGLMMPK_02177	34	3307	0
KIGLMMPK_02178	67	4865	0
KIGLMMPK_02179	0	0	0
KIGLMMPK_02180	1	500	0
KIGLMMPK_02181	26	4569	0
KIGLMMPK_02182	214	21288	0
KIGLMMPK_02183	0	140	0
KIGLMMPK_02184	6	409	0
KIGLMMPK_02185	104	10858	0
KIGLMMPK_02186	88	7881	0
KIGLMMPK_02187	117	9989	0
KIGLMMPK_02188	66	5011	0
KIGLMMPK_02189	51	6753	0
KIGLMMPK_02190	20	2894	0
KIGLMMPK_02191	25	3407	0
KIGLMMPK_02192	187	13062	0
KIGLMMPK_02193	110	10536	0
KIGLMMPK_02194	46	4884	0
KIGLMMPK_02195	384	41844	0
KIGLMMPK_02196	658	79715	0
KIGLMMPK_02197	0	59	0
KIGLMMPK_02198	0	54	0
KIGLMMPK_02199	11	1144	0
KIGLMMPK_02200	4	325	0
KIGLMMPK_02201	5	1242	0
KIGLMMPK_02202	8	1994	0
KIGLMMPK_02203	109	12289	0
KIGLMMPK_02206	0	347	0
KIGLMMPK_02207	1	405	0
KIGLMMPK_02208	5	972	0
KIGLMMPK_02209	6	957	0
KIGLMMPK_02210	13	2121	0
KIGLMMPK_02211	352	33312	0
KIGLMMPK_02212	38	3831	0
KIGLMMPK_02213	186	15871	0
KIGLMMPK_02214	287	30423	0
KIGLMMPK_02215	156	21054	0
KIGLMMPK_02216	392	38258	0
KIGLMMPK_02217	69	6132	0
KIGLMMPK_02218	82	8111	0
KIGLMMPK_02219	38	3452	0
KIGLMMPK_02220	105	11466	0
KIGLMMPK_02221	33	2885	0
KIGLMMPK_02222	171	20123	0
KIGLMMPK_02223	26	2583	0
KIGLMMPK_02224	44	5122	0
KIGLMMPK_02225	34	3417	0
KIGLMMPK_02226	29	3084	0
KIGLMMPK_02227	99	11487	0
KIGLMMPK_02228	37	3953	0
KIGLMMPK_02229	41	4704	0
KIGLMMPK_02230	0	2	0
KIGLMMPK_02231	0	23	0
KIGLMMPK_02232	0	0	0
KIGLMMPK_02233	1027	109145	0
KIGLMMPK_02234	449	46213	0
KIGLMMPK_02235	837	79617	0
KIGLMMPK_02236	1247	130682	0
KIGLMMPK_02237	51	4480	0
KIGLMMPK_02238	56	5709	0
KIGLMMPK_02240	6	1203	0
KIGLMMPK_02241	6	845	0
KIGLMMPK_02242	3	319	0
KIGLMMPK_02243	155	16612	0
KIGLMMPK_02244	5	1159	0
KIGLMMPK_02245	0	346	0
KIGLMMPK_02246	35	3123	0
KIGLMMPK_02247	17	2561	0
KIGLMMPK_02248	4	738	0
KIGLMMPK_02249	123	11749	0
KIGLMMPK_02250	1	212	0
KIGLMMPK_02251	0	49	0
KIGLMMPK_02252	0	115	0
KIGLMMPK_02253	123	12120	0
KIGLMMPK_02254	185	17192	0
KIGLMMPK_02255	231	28678	0
KIGLMMPK_02256	188	21567	0
KIGLMMPK_02257	38	3555	0
KIGLMMPK_02258	118	13441	0
KIGLMMPK_02259	66	5061	0
KIGLMMPK_02260	13	2466	0
KIGLMMPK_02261	134	15877	0
KIGLMMPK_02262	33	3126	0
KIGLMMPK_02263	28	2476	0
KIGLMMPK_02264	38	3414	0
KIGLMMPK_02265	90	13406	0
KIGLMMPK_02266	62	5921	0
KIGLMMPK_02267	63	4812	0
KIGLMMPK_02268	35	4459	0
KIGLMMPK_02269	226	23598	0
KIGLMMPK_02270	5	1178	0
KIGLMMPK_02271	16	1168	0
KIGLMMPK_02272	8	1100	0
KIGLMMPK_02273	0	27	0
KIGLMMPK_02274	9	919	0
KIGLMMPK_02275	5	936	0
KIGLMMPK_02276	3	663	0
KIGLMMPK_02277	10	728	0
KIGLMMPK_02278	9	1247	0
KIGLMMPK_02279	0	345	0
KIGLMMPK_02280	0	10	0
KIGLMMPK_02281	0	9	0
KIGLMMPK_02282	1	21	0
KIGLMMPK_02283	1	421	0
KIGLMMPK_02284	17	906	0
KIGLMMPK_02285	0	30	0
KIGLMMPK_02286	0	61	0
KIGLMMPK_02287	13	1436	0
KIGLMMPK_02288	7	607	0
KIGLMMPK_02289	46	4012	0
KIGLMMPK_02290	0	8	0
KIGLMMPK_02291	0	12	0
KIGLMMPK_02292	0	46	0
KIGLMMPK_02293	0	6	0
KIGLMMPK_02294	0	2	0
KIGLMMPK_02295	0	4	0
KIGLMMPK_02296	0	1	0
KIGLMMPK_02297	1	49	0
KIGLMMPK_02298	0	58	0
KIGLMMPK_02299	0	240	0
KIGLMMPK_02300	0	38	0
KIGLMMPK_02301	1	12	0
KIGLMMPK_02302	0	1	0
KIGLMMPK_02303	0	15	0
KIGLMMPK_02304	0	3	0
KIGLMMPK_02305	0	18	0
KIGLMMPK_02306	0	4	0
KIGLMMPK_02307	6	1702	0
KIGLMMPK_02308	13	3702	0
KIGLMMPK_02309	380	39751	0
KIGLMMPK_02310	277	30478	0
KIGLMMPK_02311	176	14347	0
KIGLMMPK_02312	29	2025	0
KIGLMMPK_02314	18	1879	0
KIGLMMPK_02315	9	808	0
KIGLMMPK_02316	0	344	0
KIGLMMPK_02317	4	352	0
KIGLMMPK_02318	0	6	0
KIGLMMPK_02319	1	160	0
KIGLMMPK_02320	0	122	0
KIGLMMPK_02321	3	800	0
KIGLMMPK_02322	67	7000	0
KIGLMMPK_02323	82	9466	0
KIGLMMPK_02324	5	465	0
KIGLMMPK_02325	1	219	0
KIGLMMPK_02326	2	202	0
KIGLMMPK_02327	0	27	0
KIGLMMPK_02328	0	12	0
KIGLMMPK_02329	0	15	0
KIGLMMPK_02330	0	116	0
KIGLMMPK_02331	13	2324	0
KIGLMMPK_02332	0	3	0
KIGLMMPK_02333	63	5995	0
KIGLMMPK_02334	21	2864	0
KIGLMMPK_02335	6	1716	0
KIGLMMPK_02336	11	1587	0
KIGLMMPK_02337	45	3972	0
KIGLMMPK_02338	12	1438	0
KIGLMMPK_02339	20	1715	0
KIGLMMPK_02340	45	4815	0
KIGLMMPK_02341	23	3100	0
KIGLMMPK_02342	25	3005	0
KIGLMMPK_02343	198	18922	0
KIGLMMPK_02344	533	61209	0
KIGLMMPK_02345	1	203	0
KIGLMMPK_02346	20	3223	0
KIGLMMPK_02347	33	5479	0
KIGLMMPK_02348	155	19749	0
KIGLMMPK_02349	6	1508	0
KIGLMMPK_02350	47	5846	0
KIGLMMPK_02351	19	1956	0
KIGLMMPK_02352	430	42642	0
KIGLMMPK_02353	28	3363	0
KIGLMMPK_02354	47	4957	0
KIGLMMPK_02355	32	4286	0
KIGLMMPK_02356	5	1258	0
KIGLMMPK_02357	22	2504	0
KIGLMMPK_02358	15	1368	0
KIGLMMPK_02359	174	24824	0
KIGLMMPK_02360	10	1197	0
KIGLMMPK_02363	0	74	0
KIGLMMPK_02364	7	1833	0
KIGLMMPK_02365	0	6	0
KIGLMMPK_02366	0	5	0
KIGLMMPK_02371	181	22387	0
KIGLMMPK_02372	12	1167	0
KIGLMMPK_02373	19	2356	0
KIGLMMPK_02374	85	8628	0
KIGLMMPK_02375	23	2197	0
KIGLMMPK_02376	15	2386	0
KIGLMMPK_02377	28	2036	0
KIGLMMPK_02378	59	6003	0
KIGLMMPK_02379	39	3863	0
KIGLMMPK_02380	21	2308	0
KIGLMMPK_02381	0	242	0
KIGLMMPK_02382	6	1109	0
KIGLMMPK_02383	3	603	0
KIGLMMPK_02384	104	11399	0
KIGLMMPK_02385	5	1176	0
KIGLMMPK_02386	0	38	0
KIGLMMPK_02387	0	41	0
KIGLMMPK_02388	129	12423	0
KIGLMMPK_02389	64	6832	0
KIGLMMPK_02390	53	4298	0
KIGLMMPK_02391	16	2860	0
KIGLMMPK_02392	49	2550	0
KIGLMMPK_02393	0	132	0
KIGLMMPK_02394	344	30625	0
KIGLMMPK_02395	0	12	0
KIGLMMPK_02396	0	24	0
KIGLMMPK_02397	373	33077	0
KIGLMMPK_02398	63	8814	0
KIGLMMPK_02399	133	14249	0
KIGLMMPK_02400	0	9	0
KIGLMMPK_02401	6	972	0
KIGLMMPK_02402	59	5799	0
KIGLMMPK_02403	0	0	0
KIGLMMPK_02404	41	4852	0
KIGLMMPK_02405	1	81	0
KIGLMMPK_02406	0	51	0
KIGLMMPK_02407	0	12	0
KIGLMMPK_02408	1	29	0
KIGLMMPK_02409	1	69	0
KIGLMMPK_02410	0	51	0
KIGLMMPK_02411	1	231	0
KIGLMMPK_02412	0	72	0
KIGLMMPK_02413	23	3710	0
KIGLMMPK_02414	34	4180	0
KIGLMMPK_02415	2737	238708	0
KIGLMMPK_02416	17	1364	0
KIGLMMPK_02417	25	3092	0
KIGLMMPK_02418	351	40166	0
KIGLMMPK_02419	25	3141	0
KIGLMMPK_02420	17	1582	0
KIGLMMPK_02421	11	1443	0
KIGLMMPK_02422	35	2950	0
KIGLMMPK_02423	9	1283	0
KIGLMMPK_02424	205	24850	0
KIGLMMPK_02425	5	939	0
KIGLMMPK_02426	94	10193	0
KIGLMMPK_02427	604	65559	0
KIGLMMPK_02428	385	45866	0
KIGLMMPK_02429	493	52917	0
KIGLMMPK_02430	189	26809	0
KIGLMMPK_02431	279	29357	0
KIGLMMPK_02432	0	92	0
KIGLMMPK_02433	2956	301649	0
KIGLMMPK_02434	6	798	0
KIGLMMPK_02435	88	9109	0
KIGLMMPK_02436	20	2739	0
KIGLMMPK_02437	74	10279	0
KIGLMMPK_02438	54	4099	0
KIGLMMPK_02439	18	894	0
KIGLMMPK_02440	1	338	0
KIGLMMPK_02441	0	275	0
KIGLMMPK_02442	8	774	0
KIGLMMPK_02443	34	5614	0
KIGLMMPK_02444	5	1019	0
KIGLMMPK_02445	0	88	0
KIGLMMPK_02446	31	4495	0
KIGLMMPK_02448	51	3571	0
KIGLMMPK_02449	110	11241	0
KIGLMMPK_02450	125	14518	0
KIGLMMPK_02451	138	18584	0
KIGLMMPK_02452	2	708	0
KIGLMMPK_02453	16	1499	0
KIGLMMPK_02454	4	850	0
KIGLMMPK_02455	75	6283	0
KIGLMMPK_02456	12	1630	0
KIGLMMPK_02457	3	157	0
KIGLMMPK_02458	1	135	0
KIGLMMPK_02459	31	4232	0
KIGLMMPK_02460	23	2316	0
KIGLMMPK_02461	81	6872	0
KIGLMMPK_02462	65	7033	0
KIGLMMPK_02463	11	1242	0
KIGLMMPK_02464	10	1648	0
KIGLMMPK_02465	30	2958	0
KIGLMMPK_02466	35	2955	0
KIGLMMPK_02467	0	2	0
KIGLMMPK_02468	0	0	0
KIGLMMPK_02469	1	54	0
KIGLMMPK_02470	0	25	0
KIGLMMPK_02471	0	27	0
KIGLMMPK_02472	2	233	0
KIGLMMPK_02473	2	416	0
KIGLMMPK_02474	2	714	0
KIGLMMPK_02475	1	230	0
KIGLMMPK_02476	55	9249	0
KIGLMMPK_02477	3	1364	0
KIGLMMPK_02478	70	9754	0
KIGLMMPK_02479	7	1830	0
KIGLMMPK_02480	0	127	0
KIGLMMPK_02481	6	966	0
KIGLMMPK_02482	6	264	0
KIGLMMPK_02483	0	342	0
KIGLMMPK_02484	24	3081	0
KIGLMMPK_02485	58	6645	0
KIGLMMPK_02486	40	2839	0
KIGLMMPK_02487	10	2379	0
KIGLMMPK_02488	1	324	0
KIGLMMPK_02489	22	1898	0
KIGLMMPK_02490	24	2628	0
KIGLMMPK_02491	7	575	0
KIGLMMPK_02492	0	74	0
KIGLMMPK_02493	0	5	0
KIGLMMPK_02494	0	41	0
KIGLMMPK_02495	0	15	0
KIGLMMPK_02496	11	1717	0
KIGLMMPK_02497	2	400	0
KIGLMMPK_02498	1	434	0
KIGLMMPK_02499	0	18	0
KIGLMMPK_02500	0	14	0
KIGLMMPK_02501	0	9	0
KIGLMMPK_02502	0	19	0
KIGLMMPK_02503	0	63	0
KIGLMMPK_02504	8	804	0
KIGLMMPK_02505	120	12342	0
KIGLMMPK_02506	57	8908	0
KIGLMMPK_02507	8	1020	0
KIGLMMPK_02508	5	1039	0
KIGLMMPK_02509	5	1173	0
KIGLMMPK_02510	1	125	0
KIGLMMPK_02511	0	0	0
KIGLMMPK_02512	1	113	0
KIGLMMPK_02513	0	53	0
KIGLMMPK_02514	0	1	0
KIGLMMPK_02515	0	0	0
KIGLMMPK_02516	0	0	0
KIGLMMPK_02517	0	0	0
KIGLMMPK_02518	0	0	0
KIGLMMPK_02519	0	0	0
KIGLMMPK_02521	0	0	0
KIGLMMPK_02522	0	0	0
KIGLMMPK_02523	0	0	0
KIGLMMPK_02524	0	0	0
KIGLMMPK_02525	7	454	0
KIGLMMPK_02526	8	869	0
KIGLMMPK_02527	1	548	0
KIGLMMPK_02528	0	155	0
KIGLMMPK_02529	0	0	0
KIGLMMPK_02530	17	2393	0
KIGLMMPK_02531	1	141	0
KIGLMMPK_02532	2	717	0
KIGLMMPK_02533	6	353	0
KIGLMMPK_02534	0	79	0
KIGLMMPK_02535	1	118	0
KIGLMMPK_02536	6	321	0
KIGLMMPK_02537	5	780	0
KIGLMMPK_02538	4	988	0
KIGLMMPK_02539	2	412	0
KIGLMMPK_02540	2	717	0
KIGLMMPK_02541	2	1087	0
KIGLMMPK_02542	0	172	0
KIGLMMPK_02543	0	178	0
KIGLMMPK_02544	0	169	0
KIGLMMPK_02545	0	160	0
KIGLMMPK_02546	0	2	0
KIGLMMPK_02547	0	0	0
KIGLMMPK_02548	0	1	0
KIGLMMPK_02549	0	1	0
KIGLMMPK_02550	0	3	0
KIGLMMPK_02551	0	0	0
KIGLMMPK_02552	0	0	0
KIGLMMPK_02553	1	282	0
KIGLMMPK_02554	8	419	0
KIGLMMPK_02555	1	399	0
KIGLMMPK_02556	3	492	0
KIGLMMPK_02557	2	159	0
KIGLMMPK_02558	1	105	0
KIGLMMPK_02559	0	376	0
KIGLMMPK_02560	4	1243	0
KIGLMMPK_02561	0	31	0
KIGLMMPK_02562	2	797	0
KIGLMMPK_02563	15	2395	0
KIGLMMPK_02564	5	677	0
KIGLMMPK_02565	2	389	0
KIGLMMPK_02566	3	1079	0
KIGLMMPK_02567	0	706	0
KIGLMMPK_02568	39	4856	0
KIGLMMPK_02569	11	2279	0
KIGLMMPK_02570	7	959	0
KIGLMMPK_02571	1	491	0
KIGLMMPK_02572	13	1340	0
KIGLMMPK_02573	11	1452	0
KIGLMMPK_02574	1	441	0
KIGLMMPK_02575	10	1969	0
KIGLMMPK_02577	24	3887	0
KIGLMMPK_02578	5	1007	0
KIGLMMPK_02579	0	132	0
KIGLMMPK_02580	0	123	0
KIGLMMPK_02581	5	452	0
KIGLMMPK_02582	115	12587	0
KIGLMMPK_02583	133	10996	0
KIGLMMPK_02584	79	6521	0
KIGLMMPK_02585	82	7886	0
KIGLMMPK_02586	39	5978	0
KIGLMMPK_02587	57	4716	0
KIGLMMPK_02588	39	2957	0
KIGLMMPK_02589	3	643	0
KIGLMMPK_02590	3	1247	0
KIGLMMPK_02591	57	5708	0
KIGLMMPK_02592	40	5777	0
KIGLMMPK_02593	457	37852	0
KIGLMMPK_02594	390	38536	0
KIGLMMPK_02595	250	25519	0
KIGLMMPK_02596	143	14638	0
KIGLMMPK_02597	332	33292	0
KIGLMMPK_02598	274	34816	0
KIGLMMPK_02599	106	11925	0
KIGLMMPK_02600	40	4658	0
KIGLMMPK_02601	25	3920	0
KIGLMMPK_02602	60	5764	0
KIGLMMPK_02603	135	14016	0
KIGLMMPK_02604	56	4057	0
KIGLMMPK_02605	150	19519	0
KIGLMMPK_02606	84	9284	0
KIGLMMPK_02607	1	177	0
KIGLMMPK_02608	24	1822	0
KIGLMMPK_02609	2	223	0
KIGLMMPK_02610	233	23450	0
KIGLMMPK_02611	33	4157	0
KIGLMMPK_02612	49	6497	0
KIGLMMPK_02613	40	5173	0
KIGLMMPK_02614	19	1642	0
KIGLMMPK_02615	90	9334	0
KIGLMMPK_02616	50	6363	0
KIGLMMPK_02617	110	12685	0
KIGLMMPK_02618	394	36242	0
KIGLMMPK_02619	210	21298	0
KIGLMMPK_02620	7	1192	0
KIGLMMPK_02621	12	1444	0
KIGLMMPK_02622	133	16238	0
KIGLMMPK_02623	199	20504	0
KIGLMMPK_02624	715	70805	0
KIGLMMPK_02625	257	24280	0
KIGLMMPK_02626	208	24140	0
KIGLMMPK_02627	413	37020	0
KIGLMMPK_02628	118	10655	0
KIGLMMPK_02629	229	23435	0
KIGLMMPK_02630	6	1087	0
KIGLMMPK_02631	5	1021	0
KIGLMMPK_02632	0	111	0
KIGLMMPK_02634	13	2084	0
KIGLMMPK_02635	1	141	0
KIGLMMPK_02636	5	937	0
KIGLMMPK_02637	129	12333	0
KIGLMMPK_02638	48	6340	0
KIGLMMPK_02639	76	8359	0
KIGLMMPK_02640	81	10564	0
KIGLMMPK_02641	18	3433	0
KIGLMMPK_02642	7	915	0
KIGLMMPK_02643	12	2315	0
KIGLMMPK_02644	12	1298	0
KIGLMMPK_02645	0	64	0
KIGLMMPK_02646	83	11736	0
KIGLMMPK_02647	32	2477	0
KIGLMMPK_02648	103	12239	0
KIGLMMPK_02649	4	1190	0
KIGLMMPK_02650	51	4315	0
KIGLMMPK_02651	6	1281	0
KIGLMMPK_02652	26	3308	0
KIGLMMPK_02653	114	13265	0
KIGLMMPK_02654	41	3945	0
KIGLMMPK_02655	46	4694	0
KIGLMMPK_02656	105	9316	0
KIGLMMPK_02657	93	6927	0
KIGLMMPK_02658	19	2283	0
KIGLMMPK_02659	134	9666	0
KIGLMMPK_02660	176	20008	0
KIGLMMPK_02661	114	13549	0
KIGLMMPK_02662	131	14977	0
KIGLMMPK_02663	8	603	0
KIGLMMPK_02664	0	5	0
KIGLMMPK_02665	1	70	0
KIGLMMPK_02666	46	5903	0
KIGLMMPK_02667	2	286	0
KIGLMMPK_02668	1	163	0
KIGLMMPK_02669	0	80	0
KIGLMMPK_02670	1	28	0
KIGLMMPK_02671	140	12457	0
KIGLMMPK_02672	50	4555	0
KIGLMMPK_02673	87	8539	0
KIGLMMPK_02674	725	89713	0
KIGLMMPK_02675	16	2788	0
KIGLMMPK_02676	2	488	0
KIGLMMPK_02677	863	87219	0
KIGLMMPK_02678	149	17405	0
KIGLMMPK_02679	0	3	0
KIGLMMPK_02680	8	1805	0
KIGLMMPK_02681	1	789	0
KIGLMMPK_02682	0	68	0
KIGLMMPK_02683	0	105	0
KIGLMMPK_02684	0	32	0
KIGLMMPK_02685	0	560	0
KIGLMMPK_02686	0	148	0
KIGLMMPK_02687	2	161	0
KIGLMMPK_02688	1	269	0
KIGLMMPK_02689	3	634	0
KIGLMMPK_02690	37	3799	0
KIGLMMPK_02691	35	3499	0
KIGLMMPK_02692	109	9226	0
KIGLMMPK_02693	91	7436	0
KIGLMMPK_02694	37	3509	0
KIGLMMPK_02695	16	1449	0
KIGLMMPK_02696	7	1046	0
KIGLMMPK_02697	11	1641	0
KIGLMMPK_02698	0	260	0
KIGLMMPK_02699	22	2486	0
KIGLMMPK_02700	29	3315	0
KIGLMMPK_02701	26	1856	0
KIGLMMPK_02702	8	1283	0
KIGLMMPK_02703	40	3232	0
KIGLMMPK_02704	89	6929	0
KIGLMMPK_02705	14	1581	0
KIGLMMPK_02706	5	714	0
KIGLMMPK_02707	50	3867	0
KIGLMMPK_02708	4	234	0
KIGLMMPK_02709	0	86	0
KIGLMMPK_02710	52	4844	0
KIGLMMPK_02711	26	2490	0
KIGLMMPK_02712	10	2681	0
KIGLMMPK_02713	14	2473	0
KIGLMMPK_02714	30	2106	0
KIGLMMPK_02715	11	875	0
KIGLMMPK_02716	32	4134	0
KIGLMMPK_02717	6	1030	0
KIGLMMPK_02718	48	6371	0
KIGLMMPK_02719	18	1580	0
KIGLMMPK_02720	74	8320	0
KIGLMMPK_02721	27	2477	0
KIGLMMPK_02722	7	1220	0
KIGLMMPK_02723	3	398	0
KIGLMMPK_02724	13	1224	0
KIGLMMPK_02725	2	556	0
KIGLMMPK_02726	21	3643	0
KIGLMMPK_02727	44	5879	0
KIGLMMPK_02728	21	3378	0
KIGLMMPK_02729	4	109	0
KIGLMMPK_02730	23	3431	0
KIGLMMPK_02731	16	2368	0
KIGLMMPK_02732	79	8012	0
KIGLMMPK_02733	14	1417	0
KIGLMMPK_02734	5	1067	0
KIGLMMPK_02735	1	328	0
KIGLMMPK_02736	0	134	0
KIGLMMPK_02737	24	2702	0
KIGLMMPK_02738	46	5303	0
KIGLMMPK_02739	18	1864	0
KIGLMMPK_02740	62	9044	0
KIGLMMPK_02741	44	4277	0
KIGLMMPK_02742	40	5834	0
KIGLMMPK_02743	70	4293	0
KIGLMMPK_02744	13	1181	0
KIGLMMPK_02745	0	0	0
KIGLMMPK_02746	0	0	0
KIGLMMPK_02747	0	0	0
KIGLMMPK_02748	0	0	0
KIGLMMPK_02749	0	0	0
KIGLMMPK_02750	0	0	0
KIGLMMPK_02751	0	0	0
KIGLMMPK_02752	0	0	0
KIGLMMPK_02753	0	0	0
KIGLMMPK_02754	0	0	0
KIGLMMPK_02755	0	29	0
KIGLMMPK_02756	6	530	0
KIGLMMPK_02757	0	0	0
KIGLMMPK_02758	0	1	0
KIGLMMPK_02759	22	2250	0
KIGLMMPK_02760	0	48	0
KIGLMMPK_02761	1	362	0
KIGLMMPK_02762	252	25336	0
KIGLMMPK_02763	0	15	0
KIGLMMPK_02764	3	586	0
KIGLMMPK_02765	2	218	0
KIGLMMPK_02766	13	1529	0
KIGLMMPK_02767	0	99	0
KIGLMMPK_02768	1	187	0
KIGLMMPK_02769	12	802	0
KIGLMMPK_02770	5	1038	0
KIGLMMPK_02771	2829	323715	0
KIGLMMPK_02772	699	73019	0
KIGLMMPK_02773	28	4670	0
KIGLMMPK_02774	15	1593	0
KIGLMMPK_02775	10	2166	0
KIGLMMPK_02776	7	440	0
KIGLMMPK_02777	55	6120	0
KIGLMMPK_02778	1	130	0
KIGLMMPK_02779	7	1113	0
KIGLMMPK_02780	2	490	0
KIGLMMPK_02781	1	54	0
KIGLMMPK_02782	3	756	0
KIGLMMPK_02783	9	1695	0
KIGLMMPK_02784	21	2260	0
KIGLMMPK_02785	6	300	0
KIGLMMPK_02786	14	1818	0
KIGLMMPK_02787	4	396	0
KIGLMMPK_02788	0	28	0
KIGLMMPK_02789	0	63	0
KIGLMMPK_02790	27	2296	0
KIGLMMPK_02791	29	4398	0
KIGLMMPK_02792	1	90	0
KIGLMMPK_02793	0	0	0
KIGLMMPK_02794	0	0	0
KIGLMMPK_02795	0	4	0
KIGLMMPK_02796	0	0	0
KIGLMMPK_02797	0	14	0
KIGLMMPK_02798	0	10	0
KIGLMMPK_02799	0	5	0
KIGLMMPK_02800	0	0	0
KIGLMMPK_02801	0	0	0
KIGLMMPK_02802	0	0	0
KIGLMMPK_02803	0	0	0
KIGLMMPK_02804	0	0	0
KIGLMMPK_02805	1	74	0
KIGLMMPK_02806	0	111	0
KIGLMMPK_02807	0	4	0
KIGLMMPK_02808	0	146	0
KIGLMMPK_02809	0	153	0
KIGLMMPK_02810	0	37	0
KIGLMMPK_02811	0	5	0
KIGLMMPK_02812	10	2128	0
KIGLMMPK_02813	10	1274	0
KIGLMMPK_02814	88	12133	0
KIGLMMPK_02815	3	482	0
KIGLMMPK_02816	0	32	0
KIGLMMPK_02817	1	174	0
KIGLMMPK_02818	1	93	0
KIGLMMPK_02819	2	421	0
KIGLMMPK_02820	0	54	0
KIGLMMPK_02821	0	7	0
KIGLMMPK_02822	0	49	0
KIGLMMPK_02823	1	37	0
KIGLMMPK_02824	0	82	0
KIGLMMPK_02825	0	51	0
KIGLMMPK_02826	10	2414	0
KIGLMMPK_02827	3	551	0
KIGLMMPK_02828	1	304	0
KIGLMMPK_02829	1	395	0
KIGLMMPK_02830	0	55	0
KIGLMMPK_02831	9	750	0
KIGLMMPK_02832	14	2382	0
KIGLMMPK_02833	2	147	0
KIGLMMPK_02834	136	15738	0
KIGLMMPK_02835	173	22411	0
KIGLMMPK_02836	1	187	0
KIGLMMPK_02837	0	16	0
KIGLMMPK_02838	0	25	0
KIGLMMPK_02839	0	53	0
KIGLMMPK_02840	0	16	0
KIGLMMPK_02841	0	9	0
KIGLMMPK_02842	0	0	0
KIGLMMPK_02843	5	1287	0
KIGLMMPK_02844	7	686	0
KIGLMMPK_02845	3	828	0
KIGLMMPK_02846	4	277	0
KIGLMMPK_02847	0	8	0
KIGLMMPK_02848	1	113	0
KIGLMMPK_02849	1	50	0
KIGLMMPK_02850	0	119	0
KIGLMMPK_02851	0	0	0
KIGLMMPK_02852	0	10	0
KIGLMMPK_02853	0	19	0
KIGLMMPK_02854	0	13	0
KIGLMMPK_02855	0	6	0
KIGLMMPK_02856	3	1488	0
KIGLMMPK_02857	22	1996	0
KIGLMMPK_02858	12	1613	0
KIGLMMPK_02859	0	3	0
KIGLMMPK_02860	3	459	0
KIGLMMPK_02861	0	124	0
KIGLMMPK_02862	0	170	0
KIGLMMPK_02863	83	9525	0
KIGLMMPK_02864	158	15361	0
KIGLMMPK_02865	15	3318	0
KIGLMMPK_02866	0	66	0
KIGLMMPK_02867	0	97	0
KIGLMMPK_02868	0	0	0
KIGLMMPK_02869	0	0	0
KIGLMMPK_02870	0	0	0
KIGLMMPK_02871	0	0	0
KIGLMMPK_02872	0	8	0
KIGLMMPK_02873	0	0	0
KIGLMMPK_02874	0	52	0
KIGLMMPK_02875	1	240	0
KIGLMMPK_02876	0	81	0
KIGLMMPK_02877	0	64	0
KIGLMMPK_02878	0	55	0
KIGLMMPK_02879	0	39	0
KIGLMMPK_02880	0	6	0
KIGLMMPK_02881	0	11	0
KIGLMMPK_02882	0	13	0
KIGLMMPK_02883	0	6	0
KIGLMMPK_02884	3	875	0
KIGLMMPK_02885	1	120	0
KIGLMMPK_02886	0	3	0
KIGLMMPK_02887	0	123	0
KIGLMMPK_02888	0	70	0
KIGLMMPK_02889	0	106	0
KIGLMMPK_02890	0	23	0
KIGLMMPK_02891	0	42	0
KIGLMMPK_02892	0	11	0
KIGLMMPK_02893	0	47	0
KIGLMMPK_02894	0	105	0
KIGLMMPK_02895	1	63	0
KIGLMMPK_02896	0	156	0
KIGLMMPK_02897	0	72	0
KIGLMMPK_02898	0	30	0
KIGLMMPK_02899	0	104	0
KIGLMMPK_02900	31	4101	0
KIGLMMPK_02901	0	8	0
KIGLMMPK_02902	0	0	0
KIGLMMPK_02903	0	0	0
KIGLMMPK_02904	0	0	0
KIGLMMPK_02905	39	5352	0
KIGLMMPK_02906	46	3627	0
KIGLMMPK_02907	1	1151	0
KIGLMMPK_02908	15	1965	0
KIGLMMPK_02909	3	411	0
KIGLMMPK_02910	1	611	0
KIGLMMPK_02911	31	1864	0
KIGLMMPK_02912	1	365	0
KIGLMMPK_02913	1	145	0
KIGLMMPK_02914	0	0	0
KIGLMMPK_02915	0	0	0
KIGLMMPK_02916	0	0	0
KIGLMMPK_02917	0	24	0
KIGLMMPK_02918	39	4759	0
KIGLMMPK_02919	22	1476	0
KIGLMMPK_02920	18	3147	0
KIGLMMPK_02921	29	3028	0
KIGLMMPK_02922	0	1	0
KIGLMMPK_02923	39	2828	0
KIGLMMPK_02924	11	912	0
KIGLMMPK_02925	0	226	0
KIGLMMPK_02926	7	644	0
KIGLMMPK_02927	0	0	0
KIGLMMPK_02928	0	20	0
KIGLMMPK_02929	0	76	0
KIGLMMPK_02930	20	2063	0
KIGLMMPK_02931	3	1012	0
KIGLMMPK_02932	18	1808	0
KIGLMMPK_02933	16	1669	0
KIGLMMPK_02934	10	752	0
KIGLMMPK_02935	8	831	0
KIGLMMPK_02936	1	214	0
KIGLMMPK_02937	16	1639	0
KIGLMMPK_02938	1	81	0
KIGLMMPK_02939	2	360	0
KIGLMMPK_02940	6	563	0
KIGLMMPK_02941	1	257	0
KIGLMMPK_02942	0	208	0
KIGLMMPK_02943	0	51	0
KIGLMMPK_02944	1	10	0
KIGLMMPK_02945	0	29	0
KIGLMMPK_02946	1	63	0
KIGLMMPK_02947	0	237	0
KIGLMMPK_02948	298	31343	0
KIGLMMPK_02949	30	5886	0
KIGLMMPK_02950	39	4779	0
KIGLMMPK_02951	0	12	0
KIGLMMPK_02952	2	609	0
KIGLMMPK_02953	8	1175	0
KIGLMMPK_02954	1	765	0
KIGLMMPK_02955	1	809	0
KIGLMMPK_02956	1	341	0
KIGLMMPK_02957	0	2	0
KIGLMMPK_02958	0	8	0
KIGLMMPK_02959	0	22	0
KIGLMMPK_02960	0	112	0
KIGLMMPK_02961	736	73501	0
KIGLMMPK_02962	240	24453	0
KIGLMMPK_02963	49	6702	0
KIGLMMPK_02964	1	483	0
KIGLMMPK_02965	1	608	0
KIGLMMPK_02966	0	54	0
KIGLMMPK_02967	0	120	0
KIGLMMPK_02968	13	1811	0
KIGLMMPK_02969	0	8	0
KIGLMMPK_02970	3	939	0
KIGLMMPK_02971	0	0	0
KIGLMMPK_02972	1	298	0
KIGLMMPK_02973	0	200	0
KIGLMMPK_02974	8	985	0
KIGLMMPK_02975	1	134	0
KIGLMMPK_02976	5	870	0
KIGLMMPK_02977	1	55	0
KIGLMMPK_02978	1	957	0
KIGLMMPK_02979	5	958	0
KIGLMMPK_02980	0	26	0
KIGLMMPK_02981	0	249	0
KIGLMMPK_02982	1	498	0
KIGLMMPK_02983	3	433	0
KIGLMMPK_02984	17	3390	0
KIGLMMPK_02985	0	122	0
KIGLMMPK_02986	0	54	0
KIGLMMPK_02987	0	198	0
KIGLMMPK_02988	0	35	0
KIGLMMPK_02989	0	1	0
KIGLMMPK_02990	3	49	0
KIGLMMPK_02991	0	18	0
KIGLMMPK_02992	6	669	0
KIGLMMPK_02993	25	1604	0
KIGLMMPK_02994	6	2295	0
KIGLMMPK_02995	6	719	0
KIGLMMPK_02996	5	313	0
KIGLMMPK_02997	1	319	0
KIGLMMPK_02998	0	270	0
KIGLMMPK_02999	1	510	0
KIGLMMPK_03000	0	24	0
KIGLMMPK_03001	1	328	0
KIGLMMPK_03002	8	1364	0
KIGLMMPK_03003	0	9	0
KIGLMMPK_03004	0	42	0
KIGLMMPK_03005	1	149	0
KIGLMMPK_03006	0	51	0
KIGLMMPK_03007	0	215	0
KIGLMMPK_03008	0	157	0
KIGLMMPK_03009	1	52	0
KIGLMMPK_03010	1	53	0
KIGLMMPK_03011	0	274	0
KIGLMMPK_03012	1	146	0
KIGLMMPK_03013	23	1420	0
KIGLMMPK_03014	7	836	0
KIGLMMPK_03015	0	16	0
KIGLMMPK_03016	43	5191	0
KIGLMMPK_03017	5	414	0
KIGLMMPK_03018	0	0	0
KIGLMMPK_03019	0	3	0
KIGLMMPK_03020	0	255	0
KIGLMMPK_03021	0	307	0
KIGLMMPK_03022	0	9	0
KIGLMMPK_03023	0	0	0
KIGLMMPK_03024	0	3	0
KIGLMMPK_03025	0	64	0
KIGLMMPK_03026	2	399	0
KIGLMMPK_03027	5	1020	0
KIGLMMPK_03028	2	204	0
KIGLMMPK_03029	1	39	0
KIGLMMPK_03030	3	480	0
KIGLMMPK_03031	0	7	0
KIGLMMPK_03032	0	6	0
KIGLMMPK_03033	0	0	0
KIGLMMPK_03034	1	83	0
KIGLMMPK_03035	3	970	0
KIGLMMPK_03036	30	4048	0
KIGLMMPK_03037	17	1839	0
KIGLMMPK_03038	4	723	0
KIGLMMPK_03039	1	337	0
KIGLMMPK_03040	0	11	0
KIGLMMPK_03041	5	1052	0
KIGLMMPK_03042	44	3690	0
KIGLMMPK_03043	0	2	0
KIGLMMPK_03044	1	213	0
KIGLMMPK_03045	0	0	0
KIGLMMPK_03046	3	544	0
KIGLMMPK_03047	2	177	0
KIGLMMPK_03048	1	546	0
KIGLMMPK_03049	0	127	0
KIGLMMPK_03050	0	0	0
KIGLMMPK_03051	0	10	0
KIGLMMPK_03052	1	71	0
KIGLMMPK_03053	1	401	0
KIGLMMPK_03054	0	716	0
KIGLMMPK_03055	6	847	0
KIGLMMPK_03056	17	2203	0
KIGLMMPK_03057	1	224	0
KIGLMMPK_03058	0	321	0
KIGLMMPK_03059	2	314	0
KIGLMMPK_03060	0	179	0
KIGLMMPK_03061	0	771	0
KIGLMMPK_03062	3	574	0
KIGLMMPK_03063	2	226	0
KIGLMMPK_03064	0	26	0
KIGLMMPK_03065	0	14	0
KIGLMMPK_03066	138	14648	0
KIGLMMPK_03067	3	643	0
KIGLMMPK_03068	3	1145	0
KIGLMMPK_03069	4	301	0
KIGLMMPK_03070	1	84	0
KIGLMMPK_03071	4	728	0
KIGLMMPK_03072	0	238	0
KIGLMMPK_03073	13	2698	0
KIGLMMPK_03074	0	3	0
KIGLMMPK_03075	0	10	0
KIGLMMPK_03076	0	31	0
KIGLMMPK_03077	0	37	0
KIGLMMPK_03078	0	30	0
KIGLMMPK_03079	0	12	0
KIGLMMPK_03080	0	27	0
KIGLMMPK_03081	0	2	0
KIGLMMPK_03082	0	1	0
KIGLMMPK_03083	0	6	0
KIGLMMPK_03084	0	2	0
KIGLMMPK_03085	0	131	0
KIGLMMPK_03086	19	1579	0
KIGLMMPK_03087	4	401	0
KIGLMMPK_03088	18	2705	0
KIGLMMPK_03089	7	1690	0
KIGLMMPK_03090	0	127	0
KIGLMMPK_03091	2	525	0
KIGLMMPK_03092	2	541	0
KIGLMMPK_03093	7	1073	0
KIGLMMPK_03094	0	2	0
KIGLMMPK_03095	1	168	0
KIGLMMPK_03096	0	130	0
KIGLMMPK_03097	5	1101	0
KIGLMMPK_03098	1	354	0
KIGLMMPK_03099	1	110	0
KIGLMMPK_03100	0	75	0
KIGLMMPK_03101	3	464	0
KIGLMMPK_03102	0	45	0
KIGLMMPK_03103	6	376	0
KIGLMMPK_03104	0	273	0
KIGLMMPK_03105	2	314	0
KIGLMMPK_03106	2	558	0
KIGLMMPK_03107	0	0	0
KIGLMMPK_03108	0	0	0
KIGLMMPK_03109	0	0	0
KIGLMMPK_03110	1	139	0
KIGLMMPK_03111	2	375	0
KIGLMMPK_03112	0	0	0
KIGLMMPK_03113	12	1239	0
KIGLMMPK_03114	9	1229	0
KIGLMMPK_03115	2	277	0
KIGLMMPK_03116	0	30	0
KIGLMMPK_03117	18	766	0
KIGLMMPK_03118	33	3495	0
KIGLMMPK_03119	7	325	0
KIGLMMPK_03120	9	1948	0
KIGLMMPK_03121	9	1457	0
KIGLMMPK_03122	26	4021	0
KIGLMMPK_03123	1	518	0
KIGLMMPK_03124	5	790	0
KIGLMMPK_03125	4	737	0
KIGLMMPK_03126	11	719	0
KIGLMMPK_03127	0	184	0
KIGLMMPK_03128	4	480	0
KIGLMMPK_03129	4	57	0
KIGLMMPK_03130	1	157	0
KIGLMMPK_03131	0	0	0
KIGLMMPK_03132	0	0	0
KIGLMMPK_03133	0	0	0
KIGLMMPK_03134	0	0	0
KIGLMMPK_03135	0	0	0
KIGLMMPK_03136	0	0	0
KIGLMMPK_03137	0	0	0
KIGLMMPK_03138	0	50	0
KIGLMMPK_03139	0	6	0
KIGLMMPK_03140	0	0	0
KIGLMMPK_03141	0	8	0
__no_feature	96896	9279302	97709
__ambiguous	6880	750496	0
__too_low_aQual	4309	544022	3615
__not_aligned	2377	224452	1536
__alignment_not_unique	0	0	0
