KIGLMMPK_00001	0	0	0
KIGLMMPK_00002	0	0	2
KIGLMMPK_00003	0	2	1
KIGLMMPK_00004	0	0	0
KIGLMMPK_00005	0	0	0
KIGLMMPK_00006	0	0	0
KIGLMMPK_00007	0	0	0
KIGLMMPK_00008	0	0	0
KIGLMMPK_00009	1	0	0
KIGLMMPK_00010	4887	4846	4567
KIGLMMPK_00011	2051	1892	1773
KIGLMMPK_00012	68	68	63
KIGLMMPK_00013	3230	3679	3181
KIGLMMPK_00014	2225	2089	2110
KIGLMMPK_00015	1393	1496	1349
KIGLMMPK_00016	1245	1231	1222
KIGLMMPK_00017	3004	2996	2927
KIGLMMPK_00018	1604	1747	1498
KIGLMMPK_00019	14750	13971	12807
KIGLMMPK_00020	12111	12735	11362
KIGLMMPK_00021	8070	7495	7586
KIGLMMPK_00022	281	314	255
KIGLMMPK_00023	1303	1181	1065
KIGLMMPK_00024	999	1119	933
KIGLMMPK_00025	723	652	574
KIGLMMPK_00026	306	286	220
KIGLMMPK_00027	9	3	3
KIGLMMPK_00028	1932	2159	1541
KIGLMMPK_00029	2712	2935	2753
KIGLMMPK_00030	1119	1202	1175
KIGLMMPK_00031	54	84	72
KIGLMMPK_00032	162	154	162
KIGLMMPK_00033	678	816	779
KIGLMMPK_00034	104	143	132
KIGLMMPK_00035	16	8	12
KIGLMMPK_00036	4	22	7
KIGLMMPK_00037	178	168	122
KIGLMMPK_00038	2762	2468	2090
KIGLMMPK_00039	199	248	218
KIGLMMPK_00040	28798	31595	27751
KIGLMMPK_00041	225	252	203
KIGLMMPK_00042	129	171	126
KIGLMMPK_00043	169	181	183
KIGLMMPK_00044	494	503	519
KIGLMMPK_00045	0	0	0
KIGLMMPK_00046	0	0	0
KIGLMMPK_00047	16151	16651	14734
KIGLMMPK_00048	4676	4584	4257
KIGLMMPK_00049	4320	4613	4007
KIGLMMPK_00050	120	130	133
KIGLMMPK_00051	43	47	37
KIGLMMPK_00052	139	160	127
KIGLMMPK_00053	22	15	21
KIGLMMPK_00054	686	672	657
KIGLMMPK_00055	924	981	826
KIGLMMPK_00056	295	302	262
KIGLMMPK_00057	825	888	840
KIGLMMPK_00058	1699	1968	1701
KIGLMMPK_00059	12827	12570	10684
KIGLMMPK_00060	3784	3934	3148
KIGLMMPK_00061	4406	4335	4025
KIGLMMPK_00062	9287	8781	7788
KIGLMMPK_00063	4034	4261	3860
KIGLMMPK_00064	7132	6577	6354
KIGLMMPK_00065	4919	4575	3808
KIGLMMPK_00066	4199	4713	4313
KIGLMMPK_00067	5765	5271	4728
KIGLMMPK_00068	3337	3098	2869
KIGLMMPK_00069	19200	17857	14979
KIGLMMPK_00070	2253	2462	2322
KIGLMMPK_00071	32	68	66
KIGLMMPK_00072	2371	2674	2441
KIGLMMPK_00073	1568	1825	1529
KIGLMMPK_00074	3716	3192	3357
KIGLMMPK_00075	12141	11509	10804
KIGLMMPK_00076	2998	2826	2683
KIGLMMPK_00077	1860	1804	1544
KIGLMMPK_00078	261	312	259
KIGLMMPK_00079	250	225	233
KIGLMMPK_00080	206	203	184
KIGLMMPK_00081	12038	13006	11724
KIGLMMPK_00082	504	542	437
KIGLMMPK_00083	653	614	567
KIGLMMPK_00084	3701	4181	3657
KIGLMMPK_00085	6300	6380	5742
KIGLMMPK_00086	15961	13854	13514
KIGLMMPK_00087	4713	4147	3811
KIGLMMPK_00088	13479	14462	13056
KIGLMMPK_00089	258	266	274
KIGLMMPK_00090	4412	3592	3239
KIGLMMPK_00091	6802	6518	5808
KIGLMMPK_00092	1672	1654	1541
KIGLMMPK_00093	4734	4036	3394
KIGLMMPK_00094	4881	5156	4575
KIGLMMPK_00095	9799	9864	8741
KIGLMMPK_00096	18327	14572	13690
KIGLMMPK_00097	20790	23368	22780
KIGLMMPK_00098	4747	4774	4146
KIGLMMPK_00099	4712	5277	4382
KIGLMMPK_00100	10	1	10
KIGLMMPK_00101	55	46	28
KIGLMMPK_00102	23	23	20
KIGLMMPK_00103	156	128	128
KIGLMMPK_00104	22	12	15
KIGLMMPK_00105	167	147	107
KIGLMMPK_00106	93	80	84
KIGLMMPK_00107	95	114	87
KIGLMMPK_00108	125	101	119
KIGLMMPK_00109	454	404	381
KIGLMMPK_00110	154	134	134
KIGLMMPK_00111	84	116	108
KIGLMMPK_00112	23	39	27
KIGLMMPK_00113	841	938	808
KIGLMMPK_00114	1697	1743	1369
KIGLMMPK_00115	40	37	31
KIGLMMPK_00116	168	114	140
KIGLMMPK_00117	484	478	392
KIGLMMPK_00118	2554	2332	2356
KIGLMMPK_00119	315	282	309
KIGLMMPK_00120	484	418	359
KIGLMMPK_00121	2680	2483	2066
KIGLMMPK_00122	216	201	229
KIGLMMPK_00123	3081	3304	2650
KIGLMMPK_00124	2292	2321	1933
KIGLMMPK_00125	1662	1530	1231
KIGLMMPK_00126	800	571	712
KIGLMMPK_00127	2723	2839	2575
KIGLMMPK_00128	936	947	847
KIGLMMPK_00129	17272	19689	20079
KIGLMMPK_00130	8357	8129	7282
KIGLMMPK_00131	3912	4052	3548
KIGLMMPK_00132	5673	5248	4313
KIGLMMPK_00133	1586	1654	1456
KIGLMMPK_00134	1894	1759	1649
KIGLMMPK_00135	3814	3694	3721
KIGLMMPK_00136	4707	4428	3987
KIGLMMPK_00137	502	500	455
KIGLMMPK_00138	1287	1346	1295
KIGLMMPK_00139	552	573	499
KIGLMMPK_00140	3293	4024	3111
KIGLMMPK_00141	590	548	441
KIGLMMPK_00142	584	549	521
KIGLMMPK_00143	3067	3176	2966
KIGLMMPK_00144	998	1162	946
KIGLMMPK_00145	562	469	469
KIGLMMPK_00146	49	44	37
KIGLMMPK_00147	1	1	3
KIGLMMPK_00148	6276	6551	5513
KIGLMMPK_00149	3582	3246	3020
KIGLMMPK_00150	1884	1692	1611
KIGLMMPK_00151	3493	3399	2738
KIGLMMPK_00152	1957	1830	1619
KIGLMMPK_00153	1463	1184	1021
KIGLMMPK_00154	956	986	829
KIGLMMPK_00155	1313	1287	1165
KIGLMMPK_00156	1383	1377	1207
KIGLMMPK_00157	1419	1261	1118
KIGLMMPK_00158	21208	23561	21069
KIGLMMPK_00159	14129	17524	14691
KIGLMMPK_00160	18327	20113	18085
KIGLMMPK_00161	17998	18601	16744
KIGLMMPK_00162	303	316	313
KIGLMMPK_00166	256	307	264
KIGLMMPK_00167	568	519	440
KIGLMMPK_00168	6286	6196	5597
KIGLMMPK_00169	2218	2556	2142
KIGLMMPK_00170	8657	7925	7929
KIGLMMPK_00171	1685	1129	1328
KIGLMMPK_00172	10076	6308	7612
KIGLMMPK_00173	1176	844	941
KIGLMMPK_00174	3019	2072	2584
KIGLMMPK_00175	2242	1513	1685
KIGLMMPK_00176	798	668	612
KIGLMMPK_00177	804	949	708
KIGLMMPK_00178	10569	10518	9133
KIGLMMPK_00179	2218	2134	1951
KIGLMMPK_00180	354	398	368
KIGLMMPK_00181	1083	1133	1160
KIGLMMPK_00182	3965	3980	3644
KIGLMMPK_00183	2623	2835	2233
KIGLMMPK_00184	72	134	84
KIGLMMPK_00185	33	58	32
KIGLMMPK_00186	17486	17843	16310
KIGLMMPK_00187	1195	1251	1152
KIGLMMPK_00188	14285	13955	12202
KIGLMMPK_00189	5672	6141	5625
KIGLMMPK_00190	2708	2604	2701
KIGLMMPK_00191	2357	2598	2188
KIGLMMPK_00192	3011	2654	2510
KIGLMMPK_00193	4037	4438	3905
KIGLMMPK_00194	1328	1322	1314
KIGLMMPK_00195	923	987	1004
KIGLMMPK_00196	430	447	404
KIGLMMPK_00197	1630	1622	1391
KIGLMMPK_00198	1890	1796	1620
KIGLMMPK_00199	545	510	537
KIGLMMPK_00200	5505	5269	4788
KIGLMMPK_00201	357	368	303
KIGLMMPK_00202	266	306	284
KIGLMMPK_00203	65	120	103
KIGLMMPK_00204	47	69	52
KIGLMMPK_00205	181	185	188
KIGLMMPK_00206	6393	6176	5896
KIGLMMPK_00207	3736	3714	3780
KIGLMMPK_00208	1530	1623	1463
KIGLMMPK_00209	795	905	857
KIGLMMPK_00210	351	362	307
KIGLMMPK_00211	156	153	160
KIGLMMPK_00212	928	844	774
KIGLMMPK_00213	271	301	272
KIGLMMPK_00214	4676	5119	4554
KIGLMMPK_00215	136	144	132
KIGLMMPK_00216	990	952	784
KIGLMMPK_00217	258	218	206
KIGLMMPK_00218	61	50	51
KIGLMMPK_00219	470	634	634
KIGLMMPK_00220	5150	5604	5438
KIGLMMPK_00221	739	605	541
KIGLMMPK_00222	782	777	672
KIGLMMPK_00223	7133	7063	6944
KIGLMMPK_00224	21424	22034	19829
KIGLMMPK_00225	21817	21901	20506
KIGLMMPK_00226	2886	3146	2755
KIGLMMPK_00227	693	610	616
KIGLMMPK_00228	15	12	16
KIGLMMPK_00229	1	3	5
KIGLMMPK_00230	207	219	171
KIGLMMPK_00231	253	252	259
KIGLMMPK_00232	355	406	366
KIGLMMPK_00233	899	870	899
KIGLMMPK_00234	400	456	325
KIGLMMPK_00235	1305	1400	1092
KIGLMMPK_00236	1443	1837	1262
KIGLMMPK_00237	2305	1941	2074
KIGLMMPK_00238	2237	2322	1967
KIGLMMPK_00239	2044	1895	1669
KIGLMMPK_00240	554	460	523
KIGLMMPK_00241	1228	1031	1087
KIGLMMPK_00242	2952	3171	2819
KIGLMMPK_00243	706	670	622
KIGLMMPK_00244	198	203	173
KIGLMMPK_00245	270	343	279
KIGLMMPK_00246	76	100	93
KIGLMMPK_00247	1231	1120	1218
KIGLMMPK_00248	4412	4270	3582
KIGLMMPK_00249	21	6	20
KIGLMMPK_00250	99	82	58
KIGLMMPK_00251	419	459	380
KIGLMMPK_00252	648	584	502
KIGLMMPK_00253	949	1035	858
KIGLMMPK_00254	1804	1936	1604
KIGLMMPK_00255	1115	1115	1009
KIGLMMPK_00256	1346	1312	917
KIGLMMPK_00257	470	490	470
KIGLMMPK_00258	8736	8869	8680
KIGLMMPK_00259	2835	3192	2905
KIGLMMPK_00260	189	205	146
KIGLMMPK_00261	154	148	132
KIGLMMPK_00262	3512	3194	2771
KIGLMMPK_00263	865	966	866
KIGLMMPK_00264	1009	975	925
KIGLMMPK_00265	0	0	2
KIGLMMPK_00266	25	46	26
KIGLMMPK_00267	42	54	59
KIGLMMPK_00268	261	328	233
KIGLMMPK_00269	696	721	776
KIGLMMPK_00270	2396	2497	2386
KIGLMMPK_00271	724	854	712
KIGLMMPK_00272	384	439	324
KIGLMMPK_00273	483	467	423
KIGLMMPK_00274	60	77	49
KIGLMMPK_00275	17	25	12
KIGLMMPK_00276	378	255	270
KIGLMMPK_00277	478	375	317
KIGLMMPK_00278	306	219	202
KIGLMMPK_00279	78	78	59
KIGLMMPK_00280	163	108	133
KIGLMMPK_00281	164	189	196
KIGLMMPK_00282	8909	9806	7738
KIGLMMPK_00283	931	1005	835
KIGLMMPK_00284	462	360	471
KIGLMMPK_00285	1768	2414	1820
KIGLMMPK_00286	4508	4641	4458
KIGLMMPK_00287	486	423	408
KIGLMMPK_00288	206	265	200
KIGLMMPK_00289	59	96	43
KIGLMMPK_00290	170	185	187
KIGLMMPK_00291	4071	4004	3601
KIGLMMPK_00292	3263	3420	3241
KIGLMMPK_00293	240	291	218
KIGLMMPK_00294	34	44	65
KIGLMMPK_00295	2	4	2
KIGLMMPK_00296	2	7	10
KIGLMMPK_00297	4	14	11
KIGLMMPK_00298	1	0	0
KIGLMMPK_00299	0	0	0
KIGLMMPK_00300	16	4	11
KIGLMMPK_00301	2	2	3
KIGLMMPK_00302	36	47	45
KIGLMMPK_00303	287	334	253
KIGLMMPK_00304	4424	4363	3961
KIGLMMPK_00305	404	381	446
KIGLMMPK_00306	2632	2971	2669
KIGLMMPK_00307	5	12	10
KIGLMMPK_00308	15	15	18
KIGLMMPK_00309	801	897	851
KIGLMMPK_00310	14340	14657	13016
KIGLMMPK_00311	17127	18155	16163
KIGLMMPK_00312	5648	5426	4770
KIGLMMPK_00313	2935	2929	2816
KIGLMMPK_00314	6857	7281	6501
KIGLMMPK_00315	513	632	624
KIGLMMPK_00316	7268	7491	7421
KIGLMMPK_00317	44	35	31
KIGLMMPK_00318	41	34	34
KIGLMMPK_00319	34287	32049	27930
KIGLMMPK_00320	1158	961	893
KIGLMMPK_00321	731	653	514
KIGLMMPK_00322	155	126	201
KIGLMMPK_00323	847	1010	904
KIGLMMPK_00324	5	16	9
KIGLMMPK_00325	195	187	189
KIGLMMPK_00326	81	88	58
KIGLMMPK_00327	47065	48881	43319
KIGLMMPK_00328	29509	29755	27918
KIGLMMPK_00329	121288	121870	108144
KIGLMMPK_00330	268	246	246
KIGLMMPK_00331	1820	1872	1813
KIGLMMPK_00332	4536	4048	4067
KIGLMMPK_00333	5086	4606	4077
KIGLMMPK_00334	3399	3639	3265
KIGLMMPK_00335	7009	6812	5978
KIGLMMPK_00336	10405	10263	8893
KIGLMMPK_00337	379	412	410
KIGLMMPK_00338	17	20	25
KIGLMMPK_00339	639	714	606
KIGLMMPK_00340	850	746	697
KIGLMMPK_00341	943	856	785
KIGLMMPK_00342	641	689	616
KIGLMMPK_00343	31	57	35
KIGLMMPK_00344	46	35	31
KIGLMMPK_00345	46	44	36
KIGLMMPK_00346	77	73	80
KIGLMMPK_00347	157	169	144
KIGLMMPK_00348	2436	4249	2697
KIGLMMPK_00349	67	57	90
KIGLMMPK_00350	6690	6708	5870
KIGLMMPK_00351	3	11	4
KIGLMMPK_00352	26892	28067	23872
KIGLMMPK_00353	3823	3858	3752
KIGLMMPK_00354	16680	15751	13583
KIGLMMPK_00355	7857	8056	6998
KIGLMMPK_00356	479	508	494
KIGLMMPK_00357	25916	26582	23753
KIGLMMPK_00358	1472	1549	1389
KIGLMMPK_00359	308	293	249
KIGLMMPK_00360	965	1053	844
KIGLMMPK_00361	284	274	231
KIGLMMPK_00362	77	79	77
KIGLMMPK_00363	61	62	71
KIGLMMPK_00364	1541	1669	1651
KIGLMMPK_00365	937	1105	1009
KIGLMMPK_00366	11819	10269	9363
KIGLMMPK_00367	16358	16220	14034
KIGLMMPK_00368	1781	1725	1477
KIGLMMPK_00369	242	335	301
KIGLMMPK_00370	1288	1456	1389
KIGLMMPK_00371	5649	5978	5341
KIGLMMPK_00372	961	976	877
KIGLMMPK_00373	57135	58214	54041
KIGLMMPK_00374	10473	10991	9409
KIGLMMPK_00375	15208	14775	13146
KIGLMMPK_00376	1132	1135	904
KIGLMMPK_00377	1266	1208	1201
KIGLMMPK_00378	2782	2932	2634
KIGLMMPK_00379	1725	1831	1609
KIGLMMPK_00380	1326	1098	1031
KIGLMMPK_00381	92	138	150
KIGLMMPK_00382	13	6	10
KIGLMMPK_00383	11135	11426	11263
KIGLMMPK_00384	1882	2033	1826
KIGLMMPK_00385	4382	4918	4290
KIGLMMPK_00386	4904	4474	4004
KIGLMMPK_00387	1911	1840	1727
KIGLMMPK_00388	6147	5982	5709
KIGLMMPK_00389	2038	1987	1787
KIGLMMPK_00390	15217	14941	13407
KIGLMMPK_00391	168	162	180
KIGLMMPK_00392	44647	44239	40357
KIGLMMPK_00393	59234	56156	40091
KIGLMMPK_00394	3081	3107	3097
KIGLMMPK_00395	3404	3399	3203
KIGLMMPK_00396	3902	3706	3350
KIGLMMPK_00397	2103	2108	1833
KIGLMMPK_00398	1752	1711	1801
KIGLMMPK_00399	3453	3270	3180
KIGLMMPK_00400	15281	14863	13715
KIGLMMPK_00401	9503	9522	8914
KIGLMMPK_00402	2235	2331	2471
KIGLMMPK_00403	212	188	209
KIGLMMPK_00404	4754	5101	4762
KIGLMMPK_00405	23	42	38
KIGLMMPK_00406	11495	11959	8770
KIGLMMPK_00407	10372	10212	9520
KIGLMMPK_00408	4483	4203	3838
KIGLMMPK_00409	12524	11424	10373
KIGLMMPK_00410	6040	6843	6340
KIGLMMPK_00411	2673	2803	2430
KIGLMMPK_00412	2728	2642	2481
KIGLMMPK_00413	5106	6109	5419
KIGLMMPK_00414	5501	5208	4181
KIGLMMPK_00415	14231	13005	11333
KIGLMMPK_00416	16812	17071	14654
KIGLMMPK_00417	1470	1503	1388
KIGLMMPK_00418	3199	2950	2837
KIGLMMPK_00419	4217	4273	3834
KIGLMMPK_00420	3963	3506	3261
KIGLMMPK_00421	2372	2646	2413
KIGLMMPK_00422	86036	96298	94993
KIGLMMPK_00423	1082	1128	881
KIGLMMPK_00424	1832	1891	1922
KIGLMMPK_00425	4637	4095	3840
KIGLMMPK_00426	282	346	320
KIGLMMPK_00427	3630	3646	3303
KIGLMMPK_00428	1196	1340	1164
KIGLMMPK_00429	797	703	629
KIGLMMPK_00430	34584	32670	31364
KIGLMMPK_00431	9	17	5
KIGLMMPK_00432	139	120	111
KIGLMMPK_00433	79	83	70
KIGLMMPK_00434	10	2	11
KIGLMMPK_00435	3557	3326	3179
KIGLMMPK_00436	5280	6198	5304
KIGLMMPK_00437	15	19	14
KIGLMMPK_00438	146	178	148
KIGLMMPK_00439	133	128	128
KIGLMMPK_00440	35	53	38
KIGLMMPK_00441	701	690	542
KIGLMMPK_00442	284	336	214
KIGLMMPK_00443	395	347	262
KIGLMMPK_00444	162	144	136
KIGLMMPK_00445	1120	1212	1244
KIGLMMPK_00446	14553	13882	12397
KIGLMMPK_00447	10116	9042	8633
KIGLMMPK_00448	5130	4734	4167
KIGLMMPK_00449	32676	32385	29497
KIGLMMPK_00450	6003	6358	5548
KIGLMMPK_00451	26306	25593	23936
KIGLMMPK_00452	4015	3937	3543
KIGLMMPK_00453	3841	3631	3513
KIGLMMPK_00454	7820	6937	6419
KIGLMMPK_00455	5687	4659	4493
KIGLMMPK_00456	2	5	2
KIGLMMPK_00457	19585	17545	19431
KIGLMMPK_00458	23582	22601	19677
KIGLMMPK_00459	15210	14654	13165
KIGLMMPK_00460	82311	84712	73311
KIGLMMPK_00461	5622	5804	5442
KIGLMMPK_00462	13105	15029	14766
KIGLMMPK_00463	8187	8314	7247
KIGLMMPK_00464	33	25	30
KIGLMMPK_00465	159	156	107
KIGLMMPK_00466	76	100	84
KIGLMMPK_00467	148	132	156
KIGLMMPK_00468	19	29	23
KIGLMMPK_00469	193	190	157
KIGLMMPK_00470	436	374	395
KIGLMMPK_00471	2722	2424	2171
KIGLMMPK_00472	2516	2463	2011
KIGLMMPK_00473	3118	3040	2772
KIGLMMPK_00474	7471	7012	6310
KIGLMMPK_00475	6010	5407	4822
KIGLMMPK_00476	217990	218622	188515
KIGLMMPK_00477	208825	168632	172149
KIGLMMPK_00478	77304	70144	66143
KIGLMMPK_00479	68556	73402	65469
KIGLMMPK_00480	81780	86366	68042
KIGLMMPK_00481	57145	48188	45642
KIGLMMPK_00482	106254	105324	94361
KIGLMMPK_00483	340569	321096	285887
KIGLMMPK_00484	124615	106436	106799
KIGLMMPK_00485	33946	35750	31197
KIGLMMPK_00486	140871	140724	122825
KIGLMMPK_00487	104168	98644	87009
KIGLMMPK_00488	98730	98108	87563
KIGLMMPK_00489	90884	99925	94772
KIGLMMPK_00490	69532	68278	56948
KIGLMMPK_00491	86506	82749	80229
KIGLMMPK_00492	154604	149388	131372
KIGLMMPK_00493	78431	77554	73518
KIGLMMPK_00494	127540	143271	115221
KIGLMMPK_00495	34983	46661	43701
KIGLMMPK_00496	99643	87429	78260
KIGLMMPK_00497	195471	160380	156597
KIGLMMPK_00498	71313	66132	61222
KIGLMMPK_00499	66118	69536	60842
KIGLMMPK_00500	110715	125228	114330
KIGLMMPK_00501	43501	46659	42156
KIGLMMPK_00502	68006	76102	72792
KIGLMMPK_00503	145941	119327	104945
KIGLMMPK_00504	28257	27239	27170
KIGLMMPK_00505	716112	728692	670640
KIGLMMPK_00506	301875	287933	278050
KIGLMMPK_00507	132888	125506	120397
KIGLMMPK_00508	124501	125766	118030
KIGLMMPK_00509	6021	6450	5390
KIGLMMPK_00510	12826	14107	12646
KIGLMMPK_00511	129027	160757	134810
KIGLMMPK_00512	14074	12970	12033
KIGLMMPK_00513	17653	17742	16599
KIGLMMPK_00514	20214	19948	19342
KIGLMMPK_00515	16599	14964	13849
KIGLMMPK_00516	23148	20522	18678
KIGLMMPK_00517	40918	35187	31995
KIGLMMPK_00518	76639	67718	60680
KIGLMMPK_00519	9686	7333	6890
KIGLMMPK_00520	19427	17560	16348
KIGLMMPK_00521	22251	19791	18522
KIGLMMPK_00522	1860	1983	1929
KIGLMMPK_00523	3521	3265	2830
KIGLMMPK_00524	10233	9508	9331
KIGLMMPK_00525	105037	110749	99171
KIGLMMPK_00526	130	76	99
KIGLMMPK_00527	89	66	58
KIGLMMPK_00528	35	62	38
KIGLMMPK_00529	68	105	72
KIGLMMPK_00530	982	1045	921
KIGLMMPK_00531	1043	1209	946
KIGLMMPK_00532	238	208	156
KIGLMMPK_00533	32	43	36
KIGLMMPK_00534	240	271	204
KIGLMMPK_00535	97	117	96
KIGLMMPK_00536	2001	2276	2076
KIGLMMPK_00537	2374	2570	2203
KIGLMMPK_00538	561	643	563
KIGLMMPK_00539	26	34	18
KIGLMMPK_00540	1393	1442	1320
KIGLMMPK_00541	1037	1410	1260
KIGLMMPK_00542	2247	2110	2096
KIGLMMPK_00543	2407	2664	2402
KIGLMMPK_00544	3688	4593	3763
KIGLMMPK_00545	22446	22618	20797
KIGLMMPK_00546	13012	10796	9426
KIGLMMPK_00547	24014	23323	20582
KIGLMMPK_00548	8663	8510	7621
KIGLMMPK_00549	6194	6103	5408
KIGLMMPK_00550	10855	10471	9182
KIGLMMPK_00551	22792	27443	27962
KIGLMMPK_00552	103813	100062	87660
KIGLMMPK_00553	32369	30127	29482
KIGLMMPK_00554	84953	80359	68425
KIGLMMPK_00555	38236	35584	32440
KIGLMMPK_00556	15270	14059	13298
KIGLMMPK_00557	2813	2848	2781
KIGLMMPK_00558	10469	11179	10030
KIGLMMPK_00559	21665	21343	19138
KIGLMMPK_00560	2267	2644	2953
KIGLMMPK_00561	4517	3674	3539
KIGLMMPK_00562	13666	14351	12888
KIGLMMPK_00563	13069	12675	11864
KIGLMMPK_00564	151	185	152
KIGLMMPK_00565	10496	9234	8428
KIGLMMPK_00566	18353	18869	17172
KIGLMMPK_00567	4133	4301	4028
KIGLMMPK_00568	8023	8400	7299
KIGLMMPK_00569	10087	8624	8337
KIGLMMPK_00570	2560	2148	2201
KIGLMMPK_00571	23798	22523	20107
KIGLMMPK_00572	13937	14349	13388
KIGLMMPK_00573	32819	30281	27874
KIGLMMPK_00574	10640	9805	9226
KIGLMMPK_00575	3083	2707	2649
KIGLMMPK_00576	5818	5113	4498
KIGLMMPK_00589	1472	1642	1780
KIGLMMPK_00590	19708	21167	18743
KIGLMMPK_00591	9236	11075	9461
KIGLMMPK_00592	13129	12815	11487
KIGLMMPK_00593	16145	15792	14511
KIGLMMPK_00594	512	527	520
KIGLMMPK_00595	3191	3222	2819
KIGLMMPK_00596	16854	14898	14117
KIGLMMPK_00597	13964	13163	12011
KIGLMMPK_00598	1632	1805	1520
KIGLMMPK_00599	1711	1545	1590
KIGLMMPK_00600	3821	4113	3994
KIGLMMPK_00601	23212	23383	20399
KIGLMMPK_00602	3494	3374	2693
KIGLMMPK_00603	3910	4269	3713
KIGLMMPK_00604	728	784	578
KIGLMMPK_00605	353	308	312
KIGLMMPK_00606	954	927	873
KIGLMMPK_00607	149132	139909	131700
KIGLMMPK_00608	147368	135528	128307
KIGLMMPK_00609	2652	2866	2384
KIGLMMPK_00610	50	60	38
KIGLMMPK_00611	25	30	16
KIGLMMPK_00612	10	11	8
KIGLMMPK_00613	17	11	12
KIGLMMPK_00614	16	29	7
KIGLMMPK_00615	9	18	10
KIGLMMPK_00616	20	34	21
KIGLMMPK_00617	100	120	117
KIGLMMPK_00618	269	231	251
KIGLMMPK_00619	71	64	95
KIGLMMPK_00620	299	259	211
KIGLMMPK_00621	73	46	59
KIGLMMPK_00622	2237	2211	2064
KIGLMMPK_00623	37630	45410	39460
KIGLMMPK_00624	118881	123116	121606
KIGLMMPK_00625	115126	121402	108036
KIGLMMPK_00626	322	337	375
KIGLMMPK_00627	816	871	774
KIGLMMPK_00628	3	0	1
KIGLMMPK_00629	741	650	630
KIGLMMPK_00630	1030	1078	1000
KIGLMMPK_00631	104	103	70
KIGLMMPK_00632	15	21	14
KIGLMMPK_00633	357	442	365
KIGLMMPK_00634	8	17	14
KIGLMMPK_00635	80	75	55
KIGLMMPK_00636	85	84	86
KIGLMMPK_00637	236	197	264
KIGLMMPK_00638	568	545	547
KIGLMMPK_00639	221	222	199
KIGLMMPK_00640	65	68	48
KIGLMMPK_00641	454	498	453
KIGLMMPK_00642	84	88	93
KIGLMMPK_00643	971	1058	845
KIGLMMPK_00644	156	174	106
KIGLMMPK_00645	1474	1379	1281
KIGLMMPK_00646	88	84	89
KIGLMMPK_00647	6	6	18
KIGLMMPK_00648	2078	1895	1723
KIGLMMPK_00649	106	126	112
KIGLMMPK_00650	17	7	14
KIGLMMPK_00651	1	15	4
KIGLMMPK_00652	7	14	8
KIGLMMPK_00653	5	13	5
KIGLMMPK_00654	425	450	379
KIGLMMPK_00655	178	245	187
KIGLMMPK_00656	4993	5174	4910
KIGLMMPK_00657	168	143	109
KIGLMMPK_00658	369	447	360
KIGLMMPK_00659	241	279	248
KIGLMMPK_00660	1268	1326	1150
KIGLMMPK_00661	1747	1902	1705
KIGLMMPK_00662	15	34	28
KIGLMMPK_00663	28	26	32
KIGLMMPK_00664	60	55	68
KIGLMMPK_00665	25	30	11
KIGLMMPK_00666	0	0	0
KIGLMMPK_00667	58	37	36
KIGLMMPK_00668	0	0	0
KIGLMMPK_00669	16	5	7
KIGLMMPK_00670	9	20	13
KIGLMMPK_00671	7	0	7
KIGLMMPK_00672	13	16	3
KIGLMMPK_00673	8	7	2
KIGLMMPK_00674	371	389	334
KIGLMMPK_00675	2949	2740	2493
KIGLMMPK_00676	144	130	119
KIGLMMPK_00677	7	11	7
KIGLMMPK_00678	214	274	215
KIGLMMPK_00679	7	6	16
KIGLMMPK_00680	12	13	12
KIGLMMPK_00681	5	13	12
KIGLMMPK_00682	125	162	130
KIGLMMPK_00683	3	3	6
KIGLMMPK_00684	667	632	562
KIGLMMPK_00685	175	177	131
KIGLMMPK_00686	1341	1162	1024
KIGLMMPK_00687	2883	2774	2279
KIGLMMPK_00688	1554	1577	1362
KIGLMMPK_00689	44	40	49
KIGLMMPK_00690	5962	5700	5066
KIGLMMPK_00691	1093	994	1046
KIGLMMPK_00692	6735	6881	6065
KIGLMMPK_00693	1578	1710	1397
KIGLMMPK_00694	1241	1142	999
KIGLMMPK_00695	1055	958	1174
KIGLMMPK_00696	7	7	12
KIGLMMPK_00697	130	126	172
KIGLMMPK_00698	390	428	345
KIGLMMPK_00699	402	392	333
KIGLMMPK_00700	748	752	711
KIGLMMPK_00701	257	264	245
KIGLMMPK_00702	18	18	30
KIGLMMPK_00703	3215	3402	3053
KIGLMMPK_00704	2296	2527	2148
KIGLMMPK_00705	624	698	662
KIGLMMPK_00706	126	132	119
KIGLMMPK_00707	1006	823	866
KIGLMMPK_00708	34441	33759	31121
KIGLMMPK_00709	1424	1453	1337
KIGLMMPK_00710	788	879	777
KIGLMMPK_00711	888	1027	952
KIGLMMPK_00712	513	558	491
KIGLMMPK_00713	708	723	812
KIGLMMPK_00714	1864	1751	1605
KIGLMMPK_00715	9	8	5
KIGLMMPK_00716	42	40	37
KIGLMMPK_00717	1179	834	801
KIGLMMPK_00718	4307	4573	3950
KIGLMMPK_00719	9926	9732	8937
KIGLMMPK_00720	3605	3608	3332
KIGLMMPK_00721	4372	4182	3619
KIGLMMPK_00722	13378	11684	10164
KIGLMMPK_00723	7761	7674	6812
KIGLMMPK_00724	37158	40302	36017
KIGLMMPK_00725	4777	4551	4189
KIGLMMPK_00726	12772	13685	11858
KIGLMMPK_00727	4573	5499	4776
KIGLMMPK_00728	7929	10251	8282
KIGLMMPK_00729	6841	6056	5437
KIGLMMPK_00730	173	194	183
KIGLMMPK_00731	6846	6474	6122
KIGLMMPK_00732	2379	2137	1994
KIGLMMPK_00733	4660	4604	3877
KIGLMMPK_00734	3610	3436	3074
KIGLMMPK_00735	5662	5626	5161
KIGLMMPK_00736	11651	10297	9765
KIGLMMPK_00737	8222	8575	8031
KIGLMMPK_00738	6686	6455	5989
KIGLMMPK_00739	32314	29666	27351
KIGLMMPK_00740	44026	41213	39505
KIGLMMPK_00741	2846	3882	3081
KIGLMMPK_00742	10563	10642	9326
KIGLMMPK_00743	8900	8500	7521
KIGLMMPK_00744	3414	3863	3575
KIGLMMPK_00745	1845	1831	1792
KIGLMMPK_00746	1372	1228	1373
KIGLMMPK_00747	7876	8303	7141
KIGLMMPK_00748	27551	29456	25786
KIGLMMPK_00749	18959	18549	18097
KIGLMMPK_00750	1581	1230	1058
KIGLMMPK_00751	6414	6156	5597
KIGLMMPK_00752	1643	1604	1401
KIGLMMPK_00753	1253	972	887
KIGLMMPK_00754	4151	4035	3461
KIGLMMPK_00755	2022	1801	1667
KIGLMMPK_00756	22675	20509	18237
KIGLMMPK_00757	11343	11281	9127
KIGLMMPK_00758	10807	9736	8987
KIGLMMPK_00759	4680	4279	3708
KIGLMMPK_00760	9015	8646	7559
KIGLMMPK_00761	14902	13843	12577
KIGLMMPK_00762	15007	15161	13048
KIGLMMPK_00763	39538	39773	36160
KIGLMMPK_00764	8250	8325	7371
KIGLMMPK_00765	2377	2595	2405
KIGLMMPK_00766	7416	6712	5986
KIGLMMPK_00767	11758	11077	9877
KIGLMMPK_00768	2446	2253	2658
KIGLMMPK_00769	139119	144460	131999
KIGLMMPK_00770	4579	4830	4269
KIGLMMPK_00771	765	754	684
KIGLMMPK_00772	4823	3928	3560
KIGLMMPK_00773	8832	8874	8341
KIGLMMPK_00774	151581	170996	155498
KIGLMMPK_00775	1609	1523	1396
KIGLMMPK_00776	21925	21192	18460
KIGLMMPK_00777	5489	5044	4972
KIGLMMPK_00778	2450	2514	2073
KIGLMMPK_00779	8356	8585	8288
KIGLMMPK_00780	16338	18403	16526
KIGLMMPK_00781	5579	4716	4794
KIGLMMPK_00782	13604	13029	10978
KIGLMMPK_00783	67054	52271	47969
KIGLMMPK_00784	7236	6761	5646
KIGLMMPK_00785	6349	6374	5887
KIGLMMPK_00786	76661	82480	71901
KIGLMMPK_00787	0	0	0
KIGLMMPK_00817	16608	16455	15432
KIGLMMPK_00818	0	0	0
KIGLMMPK_00819	171	157	165
KIGLMMPK_00820	3024	3486	3044
KIGLMMPK_00821	935	970	972
KIGLMMPK_00822	11012	10480	9266
KIGLMMPK_00823	12632	13301	11722
KIGLMMPK_00824	9649	10702	7753
KIGLMMPK_00825	11740	9720	9023
KIGLMMPK_00826	2543	2591	2586
KIGLMMPK_00827	16095	15814	14335
KIGLMMPK_00828	46382	46042	40680
KIGLMMPK_00829	1552	1400	1332
KIGLMMPK_00830	70587	64646	59483
KIGLMMPK_00831	91805	95158	77141
KIGLMMPK_00832	2899	2937	2523
KIGLMMPK_00833	208	197	160
KIGLMMPK_00834	3430	3125	2821
KIGLMMPK_00835	2379	2240	2042
KIGLMMPK_00836	1630	1533	1517
KIGLMMPK_00837	529	543	510
KIGLMMPK_00838	15	13	12
KIGLMMPK_00839	112	99	98
KIGLMMPK_00840	9	4	10
KIGLMMPK_00841	16	17	18
KIGLMMPK_00842	195	239	226
KIGLMMPK_00843	7797	8445	7738
KIGLMMPK_00844	167	197	148
KIGLMMPK_00845	3196	3278	3201
KIGLMMPK_00846	6315	5904	5722
KIGLMMPK_00847	27	23	25
KIGLMMPK_00848	36	30	28
KIGLMMPK_00849	205	239	168
KIGLMMPK_00850	98	100	110
KIGLMMPK_00851	507	497	497
KIGLMMPK_00852	584	718	617
KIGLMMPK_00853	916	977	887
KIGLMMPK_00854	1179	1156	1114
KIGLMMPK_00855	336	427	330
KIGLMMPK_00856	570	609	434
KIGLMMPK_00857	631	624	622
KIGLMMPK_00858	2755	2456	2217
KIGLMMPK_00859	10209	9792	8678
KIGLMMPK_00860	13680	17433	16207
KIGLMMPK_00861	158	124	160
KIGLMMPK_00862	94	78	96
KIGLMMPK_00863	94	121	69
KIGLMMPK_00864	246	251	213
KIGLMMPK_00865	229	178	174
KIGLMMPK_00866	145	123	106
KIGLMMPK_00867	1042	1190	1043
KIGLMMPK_00868	151	194	139
KIGLMMPK_00869	35	64	58
KIGLMMPK_00870	26	38	19
KIGLMMPK_00871	9	6	13
KIGLMMPK_00872	87	91	76
KIGLMMPK_00873	32	58	37
KIGLMMPK_00874	52	50	75
KIGLMMPK_00875	59	63	53
KIGLMMPK_00876	53	89	70
KIGLMMPK_00877	12	17	11
KIGLMMPK_00878	340	262	242
KIGLMMPK_00879	71	41	49
KIGLMMPK_00880	450	404	341
KIGLMMPK_00884	942	935	918
KIGLMMPK_00885	1504	1337	1250
KIGLMMPK_00886	8733	7797	7062
KIGLMMPK_00887	6817	6446	5862
KIGLMMPK_00888	15305	16434	14262
KIGLMMPK_00889	3029	2833	2719
KIGLMMPK_00890	2043	2513	2143
KIGLMMPK_00891	1870	1537	1408
KIGLMMPK_00892	2860	2732	2689
KIGLMMPK_00893	5714	5293	5257
KIGLMMPK_00894	1889	1684	1946
KIGLMMPK_00895	1103	1308	1210
KIGLMMPK_00896	66	62	70
KIGLMMPK_00897	36	90	60
KIGLMMPK_00898	7	12	15
KIGLMMPK_00899	35	25	35
KIGLMMPK_00900	39	36	41
KIGLMMPK_00901	83	65	37
KIGLMMPK_00902	33	42	53
KIGLMMPK_00903	15553	17360	15570
KIGLMMPK_00904	18197	17712	15928
KIGLMMPK_00905	1744	1644	1468
KIGLMMPK_00906	1178	925	966
KIGLMMPK_00907	5487	6228	5522
KIGLMMPK_00908	412	415	399
KIGLMMPK_00909	1745	2039	1785
KIGLMMPK_00910	2441	2104	1970
KIGLMMPK_00911	1492	1381	1222
KIGLMMPK_00912	2795	2579	2315
KIGLMMPK_00913	2541	2618	2457
KIGLMMPK_00914	63449	64101	55208
KIGLMMPK_00915	6521	6250	5813
KIGLMMPK_00916	2346	2488	2104
KIGLMMPK_00917	3514	4128	3386
KIGLMMPK_00918	17449	16111	14393
KIGLMMPK_00919	38876	39243	33392
KIGLMMPK_00920	17857	16583	14286
KIGLMMPK_00921	31329	30811	28047
KIGLMMPK_00922	950	971	743
KIGLMMPK_00923	948	992	871
KIGLMMPK_00924	3334	3305	2979
KIGLMMPK_00925	1733	1681	1625
KIGLMMPK_00926	13448	13732	12439
KIGLMMPK_00927	22364	20873	17731
KIGLMMPK_00928	1165	1337	1271
KIGLMMPK_00929	11760	12672	11929
KIGLMMPK_00930	9353	10843	9519
KIGLMMPK_00931	1146	1234	1138
KIGLMMPK_00932	17038	18405	16842
KIGLMMPK_00933	0	0	0
KIGLMMPK_00934	12966	13854	13648
KIGLMMPK_00935	1796	1750	1564
KIGLMMPK_00936	1891	1778	1714
KIGLMMPK_00937	3047	2935	2491
KIGLMMPK_00938	10011	9831	8724
KIGLMMPK_00939	11871	9884	9904
KIGLMMPK_00940	3547	3556	3331
KIGLMMPK_00941	1326	1209	1113
KIGLMMPK_00942	3323	2545	2128
KIGLMMPK_00943	3796	3936	3616
KIGLMMPK_00944	9971	8846	8222
KIGLMMPK_00945	1697	1460	1413
KIGLMMPK_00946	366	403	351
KIGLMMPK_00947	608	813	614
KIGLMMPK_00948	74	77	85
KIGLMMPK_00949	177	188	159
KIGLMMPK_00950	183	180	162
KIGLMMPK_00951	2211	2413	2180
KIGLMMPK_00952	2614	2474	2709
KIGLMMPK_00953	3203	3394	3199
KIGLMMPK_00954	1400	1253	1132
KIGLMMPK_00955	221	172	220
KIGLMMPK_00956	10974	10583	10075
KIGLMMPK_00957	1504	1276	1311
KIGLMMPK_00958	2261	2014	1927
KIGLMMPK_00959	2984	3048	2851
KIGLMMPK_00960	2672	2351	2171
KIGLMMPK_00961	112426	124915	107734
KIGLMMPK_00962	91983	104018	90454
KIGLMMPK_00963	442408	432118	343626
KIGLMMPK_00964	201888	208228	191897
KIGLMMPK_00965	231	213	207
KIGLMMPK_00966	974	863	831
KIGLMMPK_00967	85	89	86
KIGLMMPK_00968	5359	5519	4750
KIGLMMPK_00969	1672	1847	1753
KIGLMMPK_00970	789	736	642
KIGLMMPK_00971	1376	1383	1254
KIGLMMPK_00972	19105	19142	17632
KIGLMMPK_00973	32125	34190	31501
KIGLMMPK_00974	6508	7544	6873
KIGLMMPK_00975	124	150	127
KIGLMMPK_00976	579	626	506
KIGLMMPK_00977	85	81	59
KIGLMMPK_00978	1050	1069	987
KIGLMMPK_00979	11759	10045	9232
KIGLMMPK_00980	27392	25564	22204
KIGLMMPK_00981	58	75	71
KIGLMMPK_00982	55	66	44
KIGLMMPK_00983	62	72	73
KIGLMMPK_00984	35	35	42
KIGLMMPK_00985	375	327	253
KIGLMMPK_00987	9014	8321	7536
KIGLMMPK_00988	25870	21999	19357
KIGLMMPK_00989	7077	7765	7156
KIGLMMPK_00990	11624	11283	10100
KIGLMMPK_00991	10681	11464	10142
KIGLMMPK_00992	8663	8181	7108
KIGLMMPK_00993	12240	12360	10544
KIGLMMPK_00994	819	955	919
KIGLMMPK_00995	295	242	238
KIGLMMPK_00996	3160	3319	3213
KIGLMMPK_00997	6273	7061	6453
KIGLMMPK_00998	50518	54252	48324
KIGLMMPK_00999	2006	2321	2122
KIGLMMPK_01000	388	390	333
KIGLMMPK_01001	907	970	775
KIGLMMPK_01002	1787	1838	1764
KIGLMMPK_01003	42	56	37
KIGLMMPK_01004	620	514	516
KIGLMMPK_01005	157	171	157
KIGLMMPK_01006	2196	2169	2162
KIGLMMPK_01007	405	417	350
KIGLMMPK_01008	101	87	85
KIGLMMPK_01009	56	66	47
KIGLMMPK_01010	138	122	158
KIGLMMPK_01011	147	99	70
KIGLMMPK_01012	22	36	32
KIGLMMPK_01013	3	5	2
KIGLMMPK_01014	55	54	51
KIGLMMPK_01015	1	5	3
KIGLMMPK_01016	184	167	199
KIGLMMPK_01017	248	258	226
KIGLMMPK_01018	503	519	411
KIGLMMPK_01019	17	17	14
KIGLMMPK_01020	34	35	27
KIGLMMPK_01021	56	63	41
KIGLMMPK_01022	41	25	21
KIGLMMPK_01023	58	63	62
KIGLMMPK_01024	26	40	28
KIGLMMPK_01025	52	59	62
KIGLMMPK_01026	41	53	29
KIGLMMPK_01027	77	56	62
KIGLMMPK_01028	1	0	1
KIGLMMPK_01029	0	0	0
KIGLMMPK_01030	0	0	0
KIGLMMPK_01031	0	0	0
KIGLMMPK_01032	11	20	23
KIGLMMPK_01033	154	130	122
KIGLMMPK_01034	904	943	1038
KIGLMMPK_01035	5	9	1
KIGLMMPK_01036	15	17	11
KIGLMMPK_01037	39	47	37
KIGLMMPK_01038	122	77	83
KIGLMMPK_01039	10	4	7
KIGLMMPK_01040	6	13	5
KIGLMMPK_01041	71	63	47
KIGLMMPK_01042	4	13	4
KIGLMMPK_01043	26	19	28
KIGLMMPK_01044	11	7	4
KIGLMMPK_01045	35	27	27
KIGLMMPK_01046	14	17	10
KIGLMMPK_01047	15	11	8
KIGLMMPK_01048	6	8	6
KIGLMMPK_01049	16	6	16
KIGLMMPK_01050	8	10	11
KIGLMMPK_01051	13	7	10
KIGLMMPK_01052	3	7	11
KIGLMMPK_01053	4	0	0
KIGLMMPK_01054	133	126	112
KIGLMMPK_01055	53	65	72
KIGLMMPK_01056	36	29	27
KIGLMMPK_01057	0	0	0
KIGLMMPK_01058	0	0	0
KIGLMMPK_01059	0	0	0
KIGLMMPK_01060	40	39	28
KIGLMMPK_01061	0	0	0
KIGLMMPK_01062	0	0	0
KIGLMMPK_01063	0	0	0
KIGLMMPK_01064	0	0	0
KIGLMMPK_01066	0	0	0
KIGLMMPK_01067	0	0	0
KIGLMMPK_01068	0	0	0
KIGLMMPK_01069	0	0	0
KIGLMMPK_01070	0	0	0
KIGLMMPK_01071	0	4	1
KIGLMMPK_01072	2	9	9
KIGLMMPK_01073	8365	8852	7999
KIGLMMPK_01074	640	604	548
KIGLMMPK_01075	11257	10478	9443
KIGLMMPK_01076	17726	17500	15633
KIGLMMPK_01077	7677	7446	6250
KIGLMMPK_01078	7286	5438	4998
KIGLMMPK_01079	7428	6156	5580
KIGLMMPK_01080	5109	5004	4351
KIGLMMPK_01081	8475	8053	7416
KIGLMMPK_01082	16509	17575	14950
KIGLMMPK_01083	9235	8948	8386
KIGLMMPK_01084	43237	40195	36106
KIGLMMPK_01085	15611	16373	14424
KIGLMMPK_01086	27386	28391	25335
KIGLMMPK_01087	14750	14233	12701
KIGLMMPK_01088	4796	5309	4964
KIGLMMPK_01089	11302	11541	10574
KIGLMMPK_01090	15013	15110	14769
KIGLMMPK_01091	41538	41282	37696
KIGLMMPK_01092	0	1	0
KIGLMMPK_01093	14231	14820	13298
KIGLMMPK_01094	7047	7149	6523
KIGLMMPK_01095	5469	5363	5030
KIGLMMPK_01096	8723	9681	7871
KIGLMMPK_01097	9721	10117	9163
KIGLMMPK_01098	8166	7651	6660
KIGLMMPK_01099	4429	4547	4152
KIGLMMPK_01100	9546	10040	9137
KIGLMMPK_01101	14695	13445	11360
KIGLMMPK_01102	16110	16925	14178
KIGLMMPK_01103	23388	25764	22523
KIGLMMPK_01104	1	0	0
KIGLMMPK_01105	1636	1778	1763
KIGLMMPK_01106	21259	22256	19883
KIGLMMPK_01107	39682	40795	38237
KIGLMMPK_01108	10521	10660	9059
KIGLMMPK_01109	9642	9492	8461
KIGLMMPK_01110	6557	6098	5129
KIGLMMPK_01111	11527	11211	10065
KIGLMMPK_01112	4005	3968	3392
KIGLMMPK_01113	25	39	29
KIGLMMPK_01114	0	0	0
KIGLMMPK_01115	1	3	0
KIGLMMPK_01116	1133	1067	933
KIGLMMPK_01117	1326	1492	1369
KIGLMMPK_01118	584	558	458
KIGLMMPK_01119	2086	1948	1811
KIGLMMPK_01120	19904	21286	18543
KIGLMMPK_01121	19333	20764	16978
KIGLMMPK_01122	15738	15466	14020
KIGLMMPK_01123	1527	1675	1549
KIGLMMPK_01124	948	1479	1108
KIGLMMPK_01125	6843	7241	6527
KIGLMMPK_01126	1278	1341	1191
KIGLMMPK_01127	4020	3946	3429
KIGLMMPK_01128	21452	21516	19436
KIGLMMPK_01129	1385	1229	1256
KIGLMMPK_01130	6255	6557	6190
KIGLMMPK_01131	21659	20057	18982
KIGLMMPK_01132	16703	17238	14950
KIGLMMPK_01133	80	82	108
KIGLMMPK_01134	4760	4789	3776
KIGLMMPK_01135	24484	24360	21596
KIGLMMPK_01136	45260	50138	51000
KIGLMMPK_01137	205412	208407	190321
KIGLMMPK_01138	5985	6404	5733
KIGLMMPK_01139	6454	6361	5868
KIGLMMPK_01140	6355	7097	5886
KIGLMMPK_01141	12316	11692	11892
KIGLMMPK_01142	840	864	808
KIGLMMPK_01143	46021	44462	40638
KIGLMMPK_01144	93340	85327	78709
KIGLMMPK_01145	55094	62032	60362
KIGLMMPK_01146	79407	74065	63477
KIGLMMPK_01147	80238	83568	71241
KIGLMMPK_01148	94385	83643	76656
KIGLMMPK_01149	57203	50369	44107
KIGLMMPK_01150	41311	35873	32957
KIGLMMPK_01151	119610	124386	108279
KIGLMMPK_01152	61098	60165	54172
KIGLMMPK_01153	61952	59005	53323
KIGLMMPK_01154	27023	28948	25182
KIGLMMPK_01155	44006	43314	37662
KIGLMMPK_01156	5651	6108	5697
KIGLMMPK_01157	29683	25403	22356
KIGLMMPK_01158	24750	25958	22356
KIGLMMPK_01159	17225	18879	16834
KIGLMMPK_01160	32671	33695	30018
KIGLMMPK_01161	17222	16767	14866
KIGLMMPK_01162	31408	31201	28086
KIGLMMPK_01163	0	2	0
KIGLMMPK_01164	902	1033	904
KIGLMMPK_01165	9872	10298	9257
KIGLMMPK_01166	3015	2882	2528
KIGLMMPK_01167	2785	2808	2814
KIGLMMPK_01168	35122	35136	31552
KIGLMMPK_01169	1875	1710	1724
KIGLMMPK_01170	15647	15132	13975
KIGLMMPK_01171	0	0	0
KIGLMMPK_01172	6002	5436	5300
KIGLMMPK_01173	2536	2165	1893
KIGLMMPK_01174	0	0	2
KIGLMMPK_01175	6101	5956	5181
KIGLMMPK_01176	1004	1172	1126
KIGLMMPK_01177	8867	8958	8310
KIGLMMPK_01178	137071	124966	118444
KIGLMMPK_01179	159009	137023	133287
KIGLMMPK_01180	346	402	363
KIGLMMPK_01181	56393	58978	57453
KIGLMMPK_01182	7700	8347	7960
KIGLMMPK_01183	46643	43749	39694
KIGLMMPK_01184	10815	9400	8862
KIGLMMPK_01185	21101	19310	17428
KIGLMMPK_01205	98	99	84
KIGLMMPK_01206	1	0	1
KIGLMMPK_01207	24	17	7
KIGLMMPK_01208	43	47	24
KIGLMMPK_01209	15	17	11
KIGLMMPK_01210	63	63	43
KIGLMMPK_01211	11	5	2
KIGLMMPK_01212	500	456	446
KIGLMMPK_01213	3383	3171	2935
KIGLMMPK_01214	162	134	111
KIGLMMPK_01215	19	1	4
KIGLMMPK_01216	4	3	2
KIGLMMPK_01217	13	21	9
KIGLMMPK_01218	8	14	13
KIGLMMPK_01219	26	16	30
KIGLMMPK_01220	19	15	29
KIGLMMPK_01221	34	32	42
KIGLMMPK_01222	338	364	338
KIGLMMPK_01223	166	144	116
KIGLMMPK_01224	77	89	62
KIGLMMPK_01225	0	1	2
KIGLMMPK_01226	431	383	391
KIGLMMPK_01227	25	53	22
KIGLMMPK_01228	0	0	0
KIGLMMPK_01229	80	84	65
KIGLMMPK_01230	29	29	28
KIGLMMPK_01231	139	119	97
KIGLMMPK_01232	103	89	87
KIGLMMPK_01233	286	277	232
KIGLMMPK_01234	285	323	267
KIGLMMPK_01235	281	257	213
KIGLMMPK_01236	1206	1180	896
KIGLMMPK_01237	573	673	590
KIGLMMPK_01238	326	329	294
KIGLMMPK_01239	314	338	301
KIGLMMPK_01240	798	873	742
KIGLMMPK_01241	103	83	64
KIGLMMPK_01242	466	541	464
KIGLMMPK_01243	170	196	253
KIGLMMPK_01244	1	3	4
KIGLMMPK_01245	1	1	5
KIGLMMPK_01246	45	37	40
KIGLMMPK_01247	13	11	7
KIGLMMPK_01248	40	39	42
KIGLMMPK_01249	94	94	89
KIGLMMPK_01250	238	309	294
KIGLMMPK_01251	1667	1695	1396
KIGLMMPK_01252	79	71	65
KIGLMMPK_01253	1021	899	835
KIGLMMPK_01254	2483	2453	1912
KIGLMMPK_01255	482	507	446
KIGLMMPK_01256	1604	1462	1569
KIGLMMPK_01257	62	120	81
KIGLMMPK_01258	11	9	20
KIGLMMPK_01259	3656	3462	3094
KIGLMMPK_01260	9754	10857	9076
KIGLMMPK_01261	33286	32116	30233
KIGLMMPK_01262	901	940	828
KIGLMMPK_01263	10498	10642	9343
KIGLMMPK_01264	11262	11189	9894
KIGLMMPK_01265	18234	16445	14593
KIGLMMPK_01266	17567	17980	18021
KIGLMMPK_01267	447	421	406
KIGLMMPK_01268	5037	4900	4078
KIGLMMPK_01269	7001	6383	5498
KIGLMMPK_01270	2547	2915	2456
KIGLMMPK_01271	12004	10539	9213
KIGLMMPK_01272	5477	5790	5333
KIGLMMPK_01273	1022	1129	906
KIGLMMPK_01274	307	327	300
KIGLMMPK_01275	1769	1368	1454
KIGLMMPK_01276	17941	16682	15335
KIGLMMPK_01277	20288	16944	15386
KIGLMMPK_01278	32002	26670	24927
KIGLMMPK_01279	0	0	0
KIGLMMPK_01280	16832	16258	15838
KIGLMMPK_01281	5044	5779	4908
KIGLMMPK_01282	4915	4059	3959
KIGLMMPK_01283	17	14	13
KIGLMMPK_01284	8917	8125	7491
KIGLMMPK_01285	3061	2920	2603
KIGLMMPK_01286	6491	5823	5041
KIGLMMPK_01287	6049	5266	4249
KIGLMMPK_01288	8875	8407	7439
KIGLMMPK_01289	2155	1613	1577
KIGLMMPK_01290	23991	26416	23172
KIGLMMPK_01291	18546	17674	16244
KIGLMMPK_01292	837	792	688
KIGLMMPK_01293	1458	1445	1493
KIGLMMPK_01294	140	91	108
KIGLMMPK_01295	766	831	704
KIGLMMPK_01296	16671	16157	14173
KIGLMMPK_01297	8662	8018	7073
KIGLMMPK_01298	45845	43427	40930
KIGLMMPK_01299	26609	24034	22680
KIGLMMPK_01300	47477	54913	54398
KIGLMMPK_01301	1662	1363	1289
KIGLMMPK_01302	11954	11218	9687
KIGLMMPK_01303	6011	5359	4520
KIGLMMPK_01304	627	533	494
KIGLMMPK_01305	1904	1908	1708
KIGLMMPK_01306	6679	6639	6052
KIGLMMPK_01307	3976	3977	3286
KIGLMMPK_01308	3051	3190	2900
KIGLMMPK_01309	12120	10754	10154
KIGLMMPK_01310	9853	10326	9243
KIGLMMPK_01311	3983	4411	3982
KIGLMMPK_01312	2587	2188	2404
KIGLMMPK_01313	1322	1182	1056
KIGLMMPK_01314	20510	20236	18479
KIGLMMPK_01315	7446	6815	6113
KIGLMMPK_01316	3328	3679	3331
KIGLMMPK_01317	4203	4465	4027
KIGLMMPK_01318	817	914	864
KIGLMMPK_01319	6752	6201	5922
KIGLMMPK_01320	153	101	130
KIGLMMPK_01321	201	197	188
KIGLMMPK_01322	4806	4823	4224
KIGLMMPK_01323	3550	3757	3196
KIGLMMPK_01324	573	710	573
KIGLMMPK_01325	25505	25494	21791
KIGLMMPK_01326	14488	15000	13571
KIGLMMPK_01327	5249	5290	5138
KIGLMMPK_01328	9087	8519	6784
KIGLMMPK_01329	21864	20806	18391
KIGLMMPK_01330	11183	12832	9964
KIGLMMPK_01331	6521	7277	6961
KIGLMMPK_01332	4674	4758	4418
KIGLMMPK_01333	2673	2421	2255
KIGLMMPK_01334	28775	26300	22478
KIGLMMPK_01335	39118	37221	33730
KIGLMMPK_01336	11486	13507	12619
KIGLMMPK_01337	3503	3756	3292
KIGLMMPK_01338	16020	16341	14838
KIGLMMPK_01339	2819	2755	2676
KIGLMMPK_01340	74	66	83
KIGLMMPK_01341	1073	1041	1045
KIGLMMPK_01342	53	60	53
KIGLMMPK_01343	167	163	129
KIGLMMPK_01344	1440	1399	1312
KIGLMMPK_01345	5916	5742	6021
KIGLMMPK_01346	4400	4962	4393
KIGLMMPK_01347	132	177	181
KIGLMMPK_01348	3831	3807	3351
KIGLMMPK_01349	2292	2254	1965
KIGLMMPK_01350	346	262	208
KIGLMMPK_01351	3685	3736	3207
KIGLMMPK_01352	573	531	554
KIGLMMPK_01353	1011	1041	879
KIGLMMPK_01354	444	502	410
KIGLMMPK_01355	714	653	663
KIGLMMPK_01356	5153	5710	4970
KIGLMMPK_01357	1545	1481	1328
KIGLMMPK_01358	820	841	698
KIGLMMPK_01359	6	8	3
KIGLMMPK_01360	757	864	810
KIGLMMPK_01361	40	81	32
KIGLMMPK_01362	589	638	617
KIGLMMPK_01363	986	1040	906
KIGLMMPK_01365	147	135	165
KIGLMMPK_01366	9258	8986	8351
KIGLMMPK_01367	7016	6720	6413
KIGLMMPK_01368	16325	17140	14906
KIGLMMPK_01369	26	16	41
KIGLMMPK_01370	72	86	65
KIGLMMPK_01371	96	78	93
KIGLMMPK_01372	100	89	75
KIGLMMPK_01373	136	114	125
KIGLMMPK_01374	1217	930	934
KIGLMMPK_01375	4416	4393	3868
KIGLMMPK_01376	511	466	513
KIGLMMPK_01377	598	672	605
KIGLMMPK_01378	2900	2836	2659
KIGLMMPK_01379	2377	1948	2058
KIGLMMPK_01380	9004	8327	7530
KIGLMMPK_01381	5522	5110	4619
KIGLMMPK_01382	4446	4308	3931
KIGLMMPK_01383	33	49	42
KIGLMMPK_01384	25	28	34
KIGLMMPK_01385	47	44	37
KIGLMMPK_01386	13	23	22
KIGLMMPK_01387	122	126	82
KIGLMMPK_01388	6456	6134	5938
KIGLMMPK_01389	12241	13679	12154
KIGLMMPK_01390	273	239	250
KIGLMMPK_01391	3607	3632	3531
KIGLMMPK_01392	8572	9298	7704
KIGLMMPK_01393	505	596	535
KIGLMMPK_01394	240	122	100
KIGLMMPK_01395	36	30	16
KIGLMMPK_01396	225	80	88
KIGLMMPK_01397	782	366	291
KIGLMMPK_01398	362	206	160
KIGLMMPK_01399	373	233	213
KIGLMMPK_01400	166	87	98
KIGLMMPK_01401	606	369	311
KIGLMMPK_01402	710	419	407
KIGLMMPK_01403	2624	2530	2081
KIGLMMPK_01404	19	42	20
KIGLMMPK_01405	27	30	26
KIGLMMPK_01406	49	47	49
KIGLMMPK_01407	12	3	6
KIGLMMPK_01408	17	12	10
KIGLMMPK_01409	37	20	19
KIGLMMPK_01410	6343	5253	5165
KIGLMMPK_01411	1055	874	858
KIGLMMPK_01412	17546	19277	16370
KIGLMMPK_01413	12046	12713	10566
KIGLMMPK_01414	28488	27848	24876
KIGLMMPK_01415	23629	21951	19192
KIGLMMPK_01416	929	894	929
KIGLMMPK_01417	3284	2901	2510
KIGLMMPK_01418	51808	52986	48650
KIGLMMPK_01419	6834	6687	6122
KIGLMMPK_01420	2807	2862	2391
KIGLMMPK_01421	13957	13737	12025
KIGLMMPK_01422	52050	44941	41630
KIGLMMPK_01423	9540	9803	8906
KIGLMMPK_01424	4246	3895	3572
KIGLMMPK_01425	5756	6205	5085
KIGLMMPK_01426	2659	2789	2380
KIGLMMPK_01427	1746	1827	1661
KIGLMMPK_01428	6515	6406	5625
KIGLMMPK_01429	146	126	136
KIGLMMPK_01430	412	377	394
KIGLMMPK_01431	577	604	524
KIGLMMPK_01432	1307	1182	1131
KIGLMMPK_01433	701	782	678
KIGLMMPK_01434	2682	2604	2418
KIGLMMPK_01435	20890	22690	20888
KIGLMMPK_01436	1878	1677	1562
KIGLMMPK_01437	1331	1468	1380
KIGLMMPK_01438	10023	11000	9660
KIGLMMPK_01439	2758	3191	3250
KIGLMMPK_01440	1748	1590	1553
KIGLMMPK_01441	3050	3776	3402
KIGLMMPK_01442	4649	4583	4170
KIGLMMPK_01443	3352	3538	3172
KIGLMMPK_01444	2641	2416	2164
KIGLMMPK_01445	5582	5421	4875
KIGLMMPK_01446	361	322	302
KIGLMMPK_01448	3135	3636	3154
KIGLMMPK_01449	496	565	432
KIGLMMPK_01450	169	176	151
KIGLMMPK_01451	382	340	322
KIGLMMPK_01452	68	93	95
KIGLMMPK_01453	2658	2547	2300
KIGLMMPK_01454	1563	1257	965
KIGLMMPK_01455	334	262	223
KIGLMMPK_01456	1867	1431	1193
KIGLMMPK_01458	1943	1629	1518
KIGLMMPK_01459	763	796	678
KIGLMMPK_01460	683	776	658
KIGLMMPK_01461	907	942	892
KIGLMMPK_01462	891	1214	1077
KIGLMMPK_01463	10614	12013	10538
KIGLMMPK_01464	4595	4692	4881
KIGLMMPK_01465	0	2	1
KIGLMMPK_01466	15717	16432	14346
KIGLMMPK_01467	18310	18584	16685
KIGLMMPK_01468	7066	6882	6635
KIGLMMPK_01469	13016	13247	11778
KIGLMMPK_01470	31531	30641	27029
KIGLMMPK_01471	9727	8884	8413
KIGLMMPK_01472	8584	9283	8184
KIGLMMPK_01473	14580	12764	11104
KIGLMMPK_01474	2532	2269	2051
KIGLMMPK_01475	2864	2658	2525
KIGLMMPK_01476	2948	3226	2809
KIGLMMPK_01477	8897	8724	7844
KIGLMMPK_01478	950	979	939
KIGLMMPK_01479	3929	3909	3626
KIGLMMPK_01480	1969	2048	2051
KIGLMMPK_01481	10882	11477	10244
KIGLMMPK_01482	26237	30312	26139
KIGLMMPK_01483	18083	16983	15590
KIGLMMPK_01484	7653	6558	5485
KIGLMMPK_01485	1892	1998	1678
KIGLMMPK_01486	41	41	41
KIGLMMPK_01487	6217	5831	5249
KIGLMMPK_01488	8641	9107	7978
KIGLMMPK_01489	30337	24112	21630
KIGLMMPK_01490	9553	8328	7568
KIGLMMPK_01491	4572	4422	3933
KIGLMMPK_01492	3359	3182	2753
KIGLMMPK_01493	2388	2144	1973
KIGLMMPK_01494	38942	36982	32304
KIGLMMPK_01495	16490	14686	13890
KIGLMMPK_01496	537	447	525
KIGLMMPK_01497	5233	4875	4701
KIGLMMPK_01498	2622	3380	3515
KIGLMMPK_01499	64670	57446	51964
KIGLMMPK_01500	24	26	21
KIGLMMPK_01501	1993	1757	1729
KIGLMMPK_01502	9108	9197	7408
KIGLMMPK_01503	3028	2989	3219
KIGLMMPK_01504	11793	11743	10004
KIGLMMPK_01505	1906	1813	1445
KIGLMMPK_01506	252	323	279
KIGLMMPK_01507	49	61	70
KIGLMMPK_01508	3239	3492	3064
KIGLMMPK_01509	4040	3487	3057
KIGLMMPK_01510	114	187	154
KIGLMMPK_01511	0	0	1
KIGLMMPK_01512	24902	23420	20430
KIGLMMPK_01513	1966	1938	1960
KIGLMMPK_01514	1774	1861	1514
KIGLMMPK_01515	10967	13691	12622
KIGLMMPK_01516	17314	16815	15230
KIGLMMPK_01517	15669	15980	14271
KIGLMMPK_01518	2387	2227	2029
KIGLMMPK_01519	37	53	33
KIGLMMPK_01520	101	147	121
KIGLMMPK_01521	53	48	66
KIGLMMPK_01522	78	108	67
KIGLMMPK_01523	56	78	77
KIGLMMPK_01524	4302	4662	4149
KIGLMMPK_01525	25745	25085	22543
KIGLMMPK_01526	356	357	360
KIGLMMPK_01527	49153	49681	45381
KIGLMMPK_01528	3221	3407	2975
KIGLMMPK_01529	3600	3626	3134
KIGLMMPK_01530	273	231	176
KIGLMMPK_01531	3582	3479	2912
KIGLMMPK_01532	3418	3450	3253
KIGLMMPK_01533	4229	3766	3550
KIGLMMPK_01534	3875	3489	2882
KIGLMMPK_01535	1224	1514	1423
KIGLMMPK_01536	2816	2701	2352
KIGLMMPK_01537	8032	9193	7910
KIGLMMPK_01538	1010	1061	911
KIGLMMPK_01539	1743	1698	1553
KIGLMMPK_01540	1319	1402	1299
KIGLMMPK_01541	1519	1617	1411
KIGLMMPK_01542	2082	2206	1920
KIGLMMPK_01543	6798	6706	6139
KIGLMMPK_01544	869	996	902
KIGLMMPK_01545	709	596	501
KIGLMMPK_01546	1217	1122	1039
KIGLMMPK_01547	2094	2039	1841
KIGLMMPK_01548	2208	2076	1818
KIGLMMPK_01549	2947	3273	2565
KIGLMMPK_01550	4962	4944	4313
KIGLMMPK_01551	8238	8168	7465
KIGLMMPK_01552	14087	13379	11894
KIGLMMPK_01553	7	7	5
KIGLMMPK_01554	1115	1229	1094
KIGLMMPK_01555	2162	2240	2060
KIGLMMPK_01556	1137	1081	998
KIGLMMPK_01557	1723	2042	1808
KIGLMMPK_01558	1734	1605	1408
KIGLMMPK_01559	9670	9456	7873
KIGLMMPK_01560	4261	3689	3284
KIGLMMPK_01561	13945	12227	11550
KIGLMMPK_01562	1986	1436	1349
KIGLMMPK_01563	626	650	630
KIGLMMPK_01564	96	125	106
KIGLMMPK_01565	9102	9063	8419
KIGLMMPK_01566	0	0	0
KIGLMMPK_01567	5	5	1
KIGLMMPK_01568	49	57	64
KIGLMMPK_01569	316	284	250
KIGLMMPK_01570	100	102	93
KIGLMMPK_01571	35	44	24
KIGLMMPK_01572	344	341	271
KIGLMMPK_01573	8876	8294	8131
KIGLMMPK_01574	6932	6857	6198
KIGLMMPK_01575	961	1149	1160
KIGLMMPK_01576	41	34	30
KIGLMMPK_01577	81	132	112
KIGLMMPK_01578	72	55	78
KIGLMMPK_01579	169	142	115
KIGLMMPK_01580	29	30	34
KIGLMMPK_01581	120	112	134
KIGLMMPK_01582	480	525	463
KIGLMMPK_01583	146	165	126
KIGLMMPK_01584	473	523	392
KIGLMMPK_01585	626	661	627
KIGLMMPK_01586	678	727	606
KIGLMMPK_01587	1024	1026	855
KIGLMMPK_01588	711	701	596
KIGLMMPK_01589	2949	2712	2519
KIGLMMPK_01590	4355	4820	4016
KIGLMMPK_01591	3014	2853	2536
KIGLMMPK_01592	1933	1793	1620
KIGLMMPK_01593	4024	4038	3514
KIGLMMPK_01594	9968	10543	9616
KIGLMMPK_01595	3448	3950	2941
KIGLMMPK_01596	8400	8679	7665
KIGLMMPK_01597	13732	13394	13316
KIGLMMPK_01598	854	729	794
KIGLMMPK_01599	6052	7667	6556
KIGLMMPK_01600	2219	2076	2052
KIGLMMPK_01601	2020	2102	1729
KIGLMMPK_01602	1282	1515	1281
KIGLMMPK_01603	6401	6825	6601
KIGLMMPK_01604	4414	4884	4387
KIGLMMPK_01605	3995	3958	4247
KIGLMMPK_01606	11393	11588	10925
KIGLMMPK_01607	6979	7415	6936
KIGLMMPK_01608	1853	1912	1671
KIGLMMPK_01609	1610	1655	1542
KIGLMMPK_01610	2081	2007	1855
KIGLMMPK_01611	564	661	631
KIGLMMPK_01612	861	693	546
KIGLMMPK_01613	1542	1494	1317
KIGLMMPK_01614	4445	4060	3826
KIGLMMPK_01615	13289	13201	11192
KIGLMMPK_01616	5857	5664	5266
KIGLMMPK_01617	14249	15589	14120
KIGLMMPK_01618	42	50	44
KIGLMMPK_01619	4	16	23
KIGLMMPK_01620	18	29	17
KIGLMMPK_01621	142	113	92
KIGLMMPK_01622	34	25	26
KIGLMMPK_01623	375	398	378
KIGLMMPK_01624	134	153	116
KIGLMMPK_01625	238	278	202
KIGLMMPK_01626	2205	2315	1962
KIGLMMPK_01627	1902	1704	1538
KIGLMMPK_01628	542	579	552
KIGLMMPK_01629	709	741	640
KIGLMMPK_01630	434	469	353
KIGLMMPK_01631	319	407	354
KIGLMMPK_01632	364	466	370
KIGLMMPK_01633	12033	13706	11757
KIGLMMPK_01634	38740	43953	36146
KIGLMMPK_01635	713	747	658
KIGLMMPK_01636	1186	1322	1197
KIGLMMPK_01637	1412	1546	1411
KIGLMMPK_01638	131985	128448	115273
KIGLMMPK_01639	409	395	377
KIGLMMPK_01640	605	467	490
KIGLMMPK_01641	684	846	809
KIGLMMPK_01642	7831	8455	7148
KIGLMMPK_01643	1367	1189	943
KIGLMMPK_01644	614	675	547
KIGLMMPK_01645	11171	11050	9278
KIGLMMPK_01646	85	95	71
KIGLMMPK_01647	126	134	123
KIGLMMPK_01648	87	91	99
KIGLMMPK_01649	95	66	105
KIGLMMPK_01650	0	0	0
KIGLMMPK_01651	425	394	423
KIGLMMPK_01652	2708	3268	2802
KIGLMMPK_01653	1580	1362	1039
KIGLMMPK_01654	3390	3094	2842
KIGLMMPK_01655	61	38	58
KIGLMMPK_01656	301	258	262
KIGLMMPK_01657	150	160	153
KIGLMMPK_01658	277	397	322
KIGLMMPK_01659	459	529	486
KIGLMMPK_01660	3421	3225	2842
KIGLMMPK_01661	144	104	102
KIGLMMPK_01662	1039	845	897
KIGLMMPK_01663	328	282	186
KIGLMMPK_01664	97	73	79
KIGLMMPK_01665	18	9	13
KIGLMMPK_01666	74	71	50
KIGLMMPK_01667	91	93	75
KIGLMMPK_01668	195	196	154
KIGLMMPK_01669	135	170	164
KIGLMMPK_01671	392	304	334
KIGLMMPK_01672	388	479	469
KIGLMMPK_01673	645	631	597
KIGLMMPK_01674	350	399	355
KIGLMMPK_01675	4	10	10
KIGLMMPK_01676	26783	31525	30182
KIGLMMPK_01677	474	535	608
KIGLMMPK_01678	31	22	27
KIGLMMPK_01679	31	27	21
KIGLMMPK_01680	9	3	5
KIGLMMPK_01681	8	0	1
KIGLMMPK_01682	1	7	2
KIGLMMPK_01683	4	4	5
KIGLMMPK_01684	3	6	2
KIGLMMPK_01685	0	0	0
KIGLMMPK_01686	2	1	3
KIGLMMPK_01687	0	1	0
KIGLMMPK_01688	2	2	1
KIGLMMPK_01689	22	6	6
KIGLMMPK_01690	691	688	665
KIGLMMPK_01691	591	486	467
KIGLMMPK_01692	90	73	62
KIGLMMPK_01693	57	61	74
KIGLMMPK_01694	446	546	485
KIGLMMPK_01695	11	13	11
KIGLMMPK_01696	611	719	639
KIGLMMPK_01697	121	130	132
KIGLMMPK_01698	108	87	75
KIGLMMPK_01699	1406	950	742
KIGLMMPK_01700	2824	3227	2982
KIGLMMPK_01701	11	35	17
KIGLMMPK_01702	37	34	34
KIGLMMPK_01703	0	0	0
KIGLMMPK_01704	38	33	31
KIGLMMPK_01705	5	12	14
KIGLMMPK_01706	7	5	8
KIGLMMPK_01707	66	34	43
KIGLMMPK_01708	48	22	31
KIGLMMPK_01709	904	756	733
KIGLMMPK_01710	345	422	354
KIGLMMPK_01711	1004	1195	964
KIGLMMPK_01712	1	1	0
KIGLMMPK_01713	2	2	0
KIGLMMPK_01714	151	136	163
KIGLMMPK_01715	15621	15594	13805
KIGLMMPK_01716	3095	3073	2892
KIGLMMPK_01717	2053	1898	1704
KIGLMMPK_01718	1267	1398	1270
KIGLMMPK_01719	7031	6882	6375
KIGLMMPK_01720	2222	2398	2084
KIGLMMPK_01721	1117	1058	969
KIGLMMPK_01722	4738	4864	4019
KIGLMMPK_01723	1803	1942	1706
KIGLMMPK_01724	939	976	882
KIGLMMPK_01725	898	913	834
KIGLMMPK_01726	0	0	0
KIGLMMPK_01727	5423	5918	4738
KIGLMMPK_01728	9618	9501	8399
KIGLMMPK_01729	7430	8386	7657
KIGLMMPK_01730	2056	2011	1897
KIGLMMPK_01731	4518	4478	4295
KIGLMMPK_01732	1348	1137	1058
KIGLMMPK_01733	4211	3941	3605
KIGLMMPK_01734	11175	11337	9949
KIGLMMPK_01735	13747	14404	11987
KIGLMMPK_01736	4233	4774	4268
KIGLMMPK_01737	27570	28668	26429
KIGLMMPK_01738	3639	3298	2904
KIGLMMPK_01739	3969	4413	3492
KIGLMMPK_01740	7900	7988	6915
KIGLMMPK_01741	2286	1970	1734
KIGLMMPK_01742	2773	2574	2211
KIGLMMPK_01743	1612	1464	1464
KIGLMMPK_01744	67683	66051	60120
KIGLMMPK_01745	3037	3102	2738
KIGLMMPK_01746	2243	2294	1942
KIGLMMPK_01747	2601	2805	2356
KIGLMMPK_01748	1187	1111	1047
KIGLMMPK_01749	1709	1733	1590
KIGLMMPK_01750	60	41	46
KIGLMMPK_01751	167	160	159
KIGLMMPK_01752	80	101	77
KIGLMMPK_01753	39	34	57
KIGLMMPK_01754	90	81	96
KIGLMMPK_01755	195	221	192
KIGLMMPK_01756	49	90	84
KIGLMMPK_01757	37	32	31
KIGLMMPK_01758	119	121	115
KIGLMMPK_01759	7251	7112	5910
KIGLMMPK_01760	1649	1814	1667
KIGLMMPK_01761	8628	7638	7139
KIGLMMPK_01762	6575	6580	5920
KIGLMMPK_01763	7482	7180	6053
KIGLMMPK_01764	4933	4411	4039
KIGLMMPK_01765	4331	4211	3716
KIGLMMPK_01766	160	155	158
KIGLMMPK_01767	167	130	115
KIGLMMPK_01768	315	392	270
KIGLMMPK_01769	591	469	395
KIGLMMPK_01770	2984	2629	2736
KIGLMMPK_01771	253	249	317
KIGLMMPK_01772	11663	11433	9995
KIGLMMPK_01773	36776	32067	27369
KIGLMMPK_01774	20158	16909	15949
KIGLMMPK_01775	12080	10434	9821
KIGLMMPK_01776	7029	5556	4992
KIGLMMPK_01777	12695	10876	9765
KIGLMMPK_01778	12010	11762	10520
KIGLMMPK_01779	3533	3562	3136
KIGLMMPK_01780	34619	35255	32984
KIGLMMPK_01781	35518	44874	33657
KIGLMMPK_01782	24133	25170	20264
KIGLMMPK_01783	36	42	42
KIGLMMPK_01784	82	82	73
KIGLMMPK_01785	1533	1344	1270
KIGLMMPK_01786	10047	9498	8603
KIGLMMPK_01787	51207	50898	44004
KIGLMMPK_01788	90344	92944	83116
KIGLMMPK_01789	1896	1881	1766
KIGLMMPK_01790	2376	2252	2066
KIGLMMPK_01791	6059	5473	4915
KIGLMMPK_01792	1742	1506	1519
KIGLMMPK_01793	38524	38117	35448
KIGLMMPK_01794	21920	18837	16517
KIGLMMPK_01795	18829	16623	14935
KIGLMMPK_01796	7182	5840	5494
KIGLMMPK_01797	15197	12974	12264
KIGLMMPK_01798	3021	3009	2481
KIGLMMPK_01799	37	40	24
KIGLMMPK_01800	59	48	41
KIGLMMPK_01801	53	36	49
KIGLMMPK_01802	244	222	193
KIGLMMPK_01803	3	0	2
KIGLMMPK_01804	353	322	328
KIGLMMPK_01805	73	82	86
KIGLMMPK_01806	56	50	58
KIGLMMPK_01807	4610	4870	4612
KIGLMMPK_01808	9792	10207	9016
KIGLMMPK_01809	5895	5936	5209
KIGLMMPK_01810	17667	18682	15926
KIGLMMPK_01811	17902	17493	16324
KIGLMMPK_01812	8886	8219	7319
KIGLMMPK_01813	5163	5101	4512
KIGLMMPK_01814	60783	61692	58443
KIGLMMPK_01815	42236	39933	36124
KIGLMMPK_01816	18	17	19
KIGLMMPK_01817	16601	13327	11947
KIGLMMPK_01818	76332	80644	71007
KIGLMMPK_01819	15853	15910	14509
KIGLMMPK_01820	14935	16074	14310
KIGLMMPK_01821	1999	1667	1429
KIGLMMPK_01822	291	221	221
KIGLMMPK_01823	352	353	299
KIGLMMPK_01824	1068	1241	1066
KIGLMMPK_01825	472	557	466
KIGLMMPK_01826	129	145	139
KIGLMMPK_01827	181	254	199
KIGLMMPK_01828	118	128	141
KIGLMMPK_01829	1311	1179	1161
KIGLMMPK_01830	2179	2049	2053
KIGLMMPK_01831	3471	3229	3011
KIGLMMPK_01832	2174	1752	1598
KIGLMMPK_01833	652	748	595
KIGLMMPK_01834	1567	1514	1355
KIGLMMPK_01835	438	446	351
KIGLMMPK_01836	15643	17514	13787
KIGLMMPK_01837	47951	44375	42229
KIGLMMPK_01838	11676	10067	8676
KIGLMMPK_01839	6654	6256	5908
KIGLMMPK_01840	30605	31229	28680
KIGLMMPK_01841	11601	12699	11845
KIGLMMPK_01842	23924	23318	21069
KIGLMMPK_01843	31195	27005	23821
KIGLMMPK_01844	11446	9897	9294
KIGLMMPK_01845	2086	2174	2212
KIGLMMPK_01846	6698	6929	6301
KIGLMMPK_01847	9499	7880	7532
KIGLMMPK_01848	16470	15193	12815
KIGLMMPK_01849	127771	121490	107445
KIGLMMPK_01850	102230	111091	104322
KIGLMMPK_01851	3120	3272	3036
KIGLMMPK_01852	59	49	51
KIGLMMPK_01853	2	1	0
KIGLMMPK_01854	34	46	26
KIGLMMPK_01855	28170	29538	24633
KIGLMMPK_01856	2426	1988	1945
KIGLMMPK_01857	9015	8050	6921
KIGLMMPK_01858	14268	15865	13480
KIGLMMPK_01859	1491	1398	1203
KIGLMMPK_01860	10426	9875	8841
KIGLMMPK_01861	4712	4472	3675
KIGLMMPK_01862	1686	1656	1752
KIGLMMPK_01863	2576	2764	2670
KIGLMMPK_01864	4372	4509	3690
KIGLMMPK_01865	15368	15881	12779
KIGLMMPK_01866	10854	10885	9475
KIGLMMPK_01867	2011	2410	2608
KIGLMMPK_01868	1175	1019	1004
KIGLMMPK_01869	322	346	283
KIGLMMPK_01870	4010	3383	3455
KIGLMMPK_01871	16494	13954	12438
KIGLMMPK_01872	4623	3961	3270
KIGLMMPK_01873	1387	1155	1074
KIGLMMPK_01874	1456	1324	1205
KIGLMMPK_01875	385	395	370
KIGLMMPK_01876	199	190	216
KIGLMMPK_01877	639	664	583
KIGLMMPK_01878	1094	1080	1007
KIGLMMPK_01879	4595	4346	3968
KIGLMMPK_01880	3305	4143	4208
KIGLMMPK_01881	441	351	312
KIGLMMPK_01882	32625	34779	29461
KIGLMMPK_01883	3	3	6
KIGLMMPK_01884	137	158	115
KIGLMMPK_01885	11	16	11
KIGLMMPK_01886	84	91	71
KIGLMMPK_01887	0	0	0
KIGLMMPK_01888	6	7	1
KIGLMMPK_01889	397	455	354
KIGLMMPK_01890	47	44	40
KIGLMMPK_01891	37	17	26
KIGLMMPK_01892	48	31	36
KIGLMMPK_01893	58	53	37
KIGLMMPK_01894	0	0	0
KIGLMMPK_01895	0	0	0
KIGLMMPK_01896	1	2	1
KIGLMMPK_01897	1202	1178	1001
KIGLMMPK_01898	246	193	173
KIGLMMPK_01899	1030	649	646
KIGLMMPK_01900	410	384	326
KIGLMMPK_01901	311	272	251
KIGLMMPK_01902	191	207	170
KIGLMMPK_01903	39	46	42
KIGLMMPK_01904	179	294	247
KIGLMMPK_01905	92	99	67
KIGLMMPK_01906	1334	1398	1213
KIGLMMPK_01907	525	566	485
KIGLMMPK_01908	480	597	465
KIGLMMPK_01909	613	600	539
KIGLMMPK_01910	265	230	180
KIGLMMPK_01911	172	200	173
KIGLMMPK_01912	142	124	96
KIGLMMPK_01913	169	169	142
KIGLMMPK_01914	1810	1753	1539
KIGLMMPK_01915	928	854	817
KIGLMMPK_01916	1218	1258	1131
KIGLMMPK_01917	120	136	121
KIGLMMPK_01918	1058	1028	962
KIGLMMPK_01919	0	0	0
KIGLMMPK_01920	0	0	0
KIGLMMPK_01921	249	324	293
KIGLMMPK_01922	363	380	364
KIGLMMPK_01923	763	841	668
KIGLMMPK_01924	191	182	155
KIGLMMPK_01925	132	140	104
KIGLMMPK_01926	216	182	200
KIGLMMPK_01927	966	1022	778
KIGLMMPK_01928	1085	1145	1053
KIGLMMPK_01929	681	829	674
KIGLMMPK_01930	2397	2408	2243
KIGLMMPK_01931	149	159	174
KIGLMMPK_01932	32	43	37
KIGLMMPK_01933	864	667	589
KIGLMMPK_01934	862	872	753
KIGLMMPK_01935	498	546	534
KIGLMMPK_01936	2224	2356	2002
KIGLMMPK_01937	470	489	442
KIGLMMPK_01938	1881	2356	1938
KIGLMMPK_01939	3854	4084	3557
KIGLMMPK_01940	1020	1046	985
KIGLMMPK_01942	10891	10424	9726
KIGLMMPK_01943	20	27	17
KIGLMMPK_01944	0	0	0
KIGLMMPK_01945	347	376	307
KIGLMMPK_01946	220	243	232
KIGLMMPK_01947	10	8	4
KIGLMMPK_01948	1324	1353	1400
KIGLMMPK_01949	4814	4704	4235
KIGLMMPK_01950	2369	2698	1958
KIGLMMPK_01951	20	40	37
KIGLMMPK_01952	1334	1598	1658
KIGLMMPK_01953	26	34	33
KIGLMMPK_01954	4	25	18
KIGLMMPK_01955	0	0	0
KIGLMMPK_01956	64	54	62
KIGLMMPK_01957	3	4	12
KIGLMMPK_01958	39418	45149	41510
KIGLMMPK_01959	9379	9093	8068
KIGLMMPK_01960	2273	1904	1896
KIGLMMPK_01961	1469	1427	1192
KIGLMMPK_01962	1410	1533	1373
KIGLMMPK_01963	3363	3171	2958
KIGLMMPK_01964	18391	19049	17445
KIGLMMPK_01965	142	163	171
KIGLMMPK_01966	207	178	155
KIGLMMPK_01967	3024	2989	2792
KIGLMMPK_01968	2847	2627	2583
KIGLMMPK_01969	888	833	688
KIGLMMPK_01970	3225	3169	2826
KIGLMMPK_01972	233	218	211
KIGLMMPK_01973	0	0	1
KIGLMMPK_01975	0	0	0
KIGLMMPK_01976	0	0	0
KIGLMMPK_01977	12	23	24
KIGLMMPK_01978	385	313	266
KIGLMMPK_01979	1922	1988	1849
KIGLMMPK_01980	4526	4721	4077
KIGLMMPK_01981	7271	6995	5913
KIGLMMPK_01982	20	39	22
KIGLMMPK_01983	5	12	0
KIGLMMPK_01984	18	27	20
KIGLMMPK_01985	1	0	0
KIGLMMPK_01986	577	607	502
KIGLMMPK_01987	628	774	533
KIGLMMPK_01988	328	289	246
KIGLMMPK_01989	558	376	345
KIGLMMPK_01990	123	143	120
KIGLMMPK_01991	1683	1688	1638
KIGLMMPK_01992	4	2	1
KIGLMMPK_01993	10	1	7
KIGLMMPK_01994	78	48	68
KIGLMMPK_01995	9	13	8
KIGLMMPK_01996	11	26	30
KIGLMMPK_01997	13	13	15
KIGLMMPK_01998	87	95	69
KIGLMMPK_01999	108	113	126
KIGLMMPK_02000	1414	1447	1296
KIGLMMPK_02001	130	146	123
KIGLMMPK_02002	70	46	68
KIGLMMPK_02003	3	4	1
KIGLMMPK_02004	8	12	5
KIGLMMPK_02005	1027	1222	1159
KIGLMMPK_02006	2	2	1
KIGLMMPK_02007	1	0	2
KIGLMMPK_02008	91	76	77
KIGLMMPK_02009	114	115	74
KIGLMMPK_02010	25	42	17
KIGLMMPK_02011	21	19	13
KIGLMMPK_02012	32	30	26
KIGLMMPK_02013	21	31	35
KIGLMMPK_02014	33	17	17
KIGLMMPK_02015	52	28	38
KIGLMMPK_02016	35	26	18
KIGLMMPK_02017	48	74	41
KIGLMMPK_02018	300	314	261
KIGLMMPK_02019	6070	5234	4877
KIGLMMPK_02020	2252	2190	1943
KIGLMMPK_02021	1095	1213	960
KIGLMMPK_02022	1457	1580	1505
KIGLMMPK_02023	18	25	6
KIGLMMPK_02024	47	50	46
KIGLMMPK_02025	236	261	246
KIGLMMPK_02026	78	137	113
KIGLMMPK_02027	9	4	6
KIGLMMPK_02028	34	13	13
KIGLMMPK_02029	45	54	64
KIGLMMPK_02030	0	1	0
KIGLMMPK_02031	38	68	48
KIGLMMPK_02032	18	30	27
KIGLMMPK_02033	761	663	634
KIGLMMPK_02034	2073	1909	1905
KIGLMMPK_02035	7	16	10
KIGLMMPK_02036	0	0	0
KIGLMMPK_02037	1	1	0
KIGLMMPK_02038	1	4	1
KIGLMMPK_02039	0	1	0
KIGLMMPK_02040	16	17	12
KIGLMMPK_02041	118	68	74
KIGLMMPK_02042	3	2	2
KIGLMMPK_02043	75	60	73
KIGLMMPK_02044	2	0	0
KIGLMMPK_02045	1	1	0
KIGLMMPK_02046	2	0	1
KIGLMMPK_02047	29	10	30
KIGLMMPK_02048	567	467	449
KIGLMMPK_02049	30777	39067	36357
KIGLMMPK_02050	5814	5479	5012
KIGLMMPK_02051	2111	2616	2570
KIGLMMPK_02052	747	869	699
KIGLMMPK_02053	10628	8903	9300
KIGLMMPK_02054	37003	43501	47625
KIGLMMPK_02055	1182	1193	992
KIGLMMPK_02056	943	919	794
KIGLMMPK_02057	962	921	751
KIGLMMPK_02058	10706	10112	9191
KIGLMMPK_02059	1778	1730	1495
KIGLMMPK_02060	3374	2859	2555
KIGLMMPK_02061	1785	1962	1667
KIGLMMPK_02062	5299	4949	4717
KIGLMMPK_02063	1608	1607	1368
KIGLMMPK_02064	16	16	15
KIGLMMPK_02065	0	0	0
KIGLMMPK_02066	588	478	480
KIGLMMPK_02067	1080	950	1139
KIGLMMPK_02068	243	293	314
KIGLMMPK_02069	81	91	99
KIGLMMPK_02070	16	27	20
KIGLMMPK_02071	21	34	22
KIGLMMPK_02072	6629	6324	5685
KIGLMMPK_02073	0	2	1
KIGLMMPK_02074	191	181	168
KIGLMMPK_02075	530	585	501
KIGLMMPK_02076	3	1	9
KIGLMMPK_02077	2	4	1
KIGLMMPK_02078	0	0	1
KIGLMMPK_02079	52	90	61
KIGLMMPK_02080	18	25	11
KIGLMMPK_02081	3968	4121	3706
KIGLMMPK_02082	26	43	38
KIGLMMPK_02083	54	51	55
KIGLMMPK_02084	24	29	41
KIGLMMPK_02085	0	4	4
KIGLMMPK_02086	10	11	1
KIGLMMPK_02087	62	69	81
KIGLMMPK_02088	17	17	21
KIGLMMPK_02089	3988	4485	4045
KIGLMMPK_02090	3466	3816	3169
KIGLMMPK_02091	318	336	255
KIGLMMPK_02092	800	871	678
KIGLMMPK_02093	50	60	51
KIGLMMPK_02094	0	0	1
KIGLMMPK_02095	17241	18543	17810
KIGLMMPK_02096	2234	2054	1909
KIGLMMPK_02097	205	158	155
KIGLMMPK_02098	669	611	620
KIGLMMPK_02099	990	903	821
KIGLMMPK_02100	17951	18407	17368
KIGLMMPK_02101	14588	13719	12446
KIGLMMPK_02102	3851	2937	2864
KIGLMMPK_02103	6678	6785	6151
KIGLMMPK_02104	29763	24189	27346
KIGLMMPK_02105	249	154	219
KIGLMMPK_02106	89	110	108
KIGLMMPK_02107	4207	3909	3062
KIGLMMPK_02108	32	54	42
KIGLMMPK_02109	15316	15217	13908
KIGLMMPK_02110	2411	2552	2227
KIGLMMPK_02111	1169	926	944
KIGLMMPK_02112	10031	9969	8745
KIGLMMPK_02113	5708	5405	5003
KIGLMMPK_02114	1746	1393	1302
KIGLMMPK_02115	818	628	574
KIGLMMPK_02116	11740	11896	11630
KIGLMMPK_02117	17	16	24
KIGLMMPK_02118	4	5	12
KIGLMMPK_02119	14	34	15
KIGLMMPK_02120	16	10	18
KIGLMMPK_02121	22	13	16
KIGLMMPK_02122	2449	3120	2464
KIGLMMPK_02123	1443	1357	1220
KIGLMMPK_02124	0	2	0
KIGLMMPK_02125	1827	1675	1590
KIGLMMPK_02126	2787	2308	2141
KIGLMMPK_02127	2439	2547	2103
KIGLMMPK_02128	1638	1510	1431
KIGLMMPK_02129	2586	2518	2131
KIGLMMPK_02130	1375	1543	1215
KIGLMMPK_02131	2975	3059	2551
KIGLMMPK_02132	3169	3392	2838
KIGLMMPK_02133	5800	5404	5069
KIGLMMPK_02134	2146	2188	1770
KIGLMMPK_02135	2891	2347	2054
KIGLMMPK_02136	4632	4385	3993
KIGLMMPK_02137	2477	2683	2312
KIGLMMPK_02138	3441	3073	2717
KIGLMMPK_02139	4509	4762	4300
KIGLMMPK_02140	6815	7051	5826
KIGLMMPK_02141	2646	2687	2533
KIGLMMPK_02142	26181	26342	23558
KIGLMMPK_02143	6338	6474	5740
KIGLMMPK_02144	1900	1855	1604
KIGLMMPK_02145	13381	12759	10970
KIGLMMPK_02146	2482	2266	2103
KIGLMMPK_02147	2900	3037	2764
KIGLMMPK_02148	16568	16955	14554
KIGLMMPK_02149	5282	4960	4294
KIGLMMPK_02150	247	260	214
KIGLMMPK_02151	82189	90849	81605
KIGLMMPK_02152	99544	111472	102235
KIGLMMPK_02153	1311	1169	1063
KIGLMMPK_02154	1166	1260	1181
KIGLMMPK_02155	947	935	939
KIGLMMPK_02156	29195	26952	22815
KIGLMMPK_02157	9103	8508	7937
KIGLMMPK_02158	583	590	507
KIGLMMPK_02159	443	406	343
KIGLMMPK_02160	158	238	204
KIGLMMPK_02161	188	209	160
KIGLMMPK_02162	51	31	29
KIGLMMPK_02163	1972	1956	1765
KIGLMMPK_02164	2024	1926	1747
KIGLMMPK_02165	3634	3211	3106
KIGLMMPK_02166	8062	10401	8260
KIGLMMPK_02167	788	937	889
KIGLMMPK_02168	1	1	1
KIGLMMPK_02169	7353	7430	6590
KIGLMMPK_02170	18253	18784	16493
KIGLMMPK_02171	28740	28793	26313
KIGLMMPK_02172	8263	8113	7830
KIGLMMPK_02173	12025	11700	9887
KIGLMMPK_02174	1664	1714	1565
KIGLMMPK_02175	10719	10848	9586
KIGLMMPK_02176	9662	9219	8331
KIGLMMPK_02177	2788	3094	2671
KIGLMMPK_02178	4479	4113	3415
KIGLMMPK_02179	2	1	3
KIGLMMPK_02180	315	292	314
KIGLMMPK_02181	3261	3288	2938
KIGLMMPK_02182	16347	16157	15634
KIGLMMPK_02183	237	221	239
KIGLMMPK_02184	490	472	453
KIGLMMPK_02185	5258	6515	5706
KIGLMMPK_02186	4497	4293	4008
KIGLMMPK_02187	4533	4583	4321
KIGLMMPK_02188	2047	1955	1748
KIGLMMPK_02189	3200	2960	2675
KIGLMMPK_02190	2308	2185	1912
KIGLMMPK_02191	2541	2511	2307
KIGLMMPK_02192	6867	7038	6567
KIGLMMPK_02193	7898	7220	6478
KIGLMMPK_02194	7024	6234	5703
KIGLMMPK_02195	31291	29894	26611
KIGLMMPK_02196	15409	17060	13998
KIGLMMPK_02197	148	146	160
KIGLMMPK_02198	173	173	126
KIGLMMPK_02199	844	859	817
KIGLMMPK_02200	317	310	296
KIGLMMPK_02201	815	1010	896
KIGLMMPK_02202	1404	1331	1338
KIGLMMPK_02203	2060	2478	2149
KIGLMMPK_02206	1298	1040	1152
KIGLMMPK_02207	349	348	273
KIGLMMPK_02208	826	638	635
KIGLMMPK_02209	842	786	763
KIGLMMPK_02210	2126	1770	1684
KIGLMMPK_02211	32875	34625	31022
KIGLMMPK_02212	3136	2794	2894
KIGLMMPK_02213	15432	14885	12638
KIGLMMPK_02214	33695	35869	33122
KIGLMMPK_02215	28385	30205	24006
KIGLMMPK_02216	40595	42155	37325
KIGLMMPK_02217	6729	7025	6967
KIGLMMPK_02218	11650	11146	10397
KIGLMMPK_02219	4217	4347	3924
KIGLMMPK_02220	12690	13190	12559
KIGLMMPK_02221	2205	2430	2292
KIGLMMPK_02222	15439	14662	12664
KIGLMMPK_02223	1801	1878	1582
KIGLMMPK_02224	3163	3569	3679
KIGLMMPK_02225	1561	1869	1592
KIGLMMPK_02226	2067	2003	1850
KIGLMMPK_02227	21430	17144	16033
KIGLMMPK_02228	7051	5374	5454
KIGLMMPK_02229	2547	2693	2373
KIGLMMPK_02230	1	3	0
KIGLMMPK_02231	8	25	10
KIGLMMPK_02232	0	1	0
KIGLMMPK_02233	221968	220795	212191
KIGLMMPK_02234	148642	142024	120434
KIGLMMPK_02235	146131	138770	127693
KIGLMMPK_02236	305994	361939	340929
KIGLMMPK_02237	15634	15052	14376
KIGLMMPK_02238	1269	1422	1329
KIGLMMPK_02240	722	788	713
KIGLMMPK_02241	520	650	503
KIGLMMPK_02242	206	172	172
KIGLMMPK_02243	42710	37529	35270
KIGLMMPK_02244	1366	1256	1167
KIGLMMPK_02245	668	652	570
KIGLMMPK_02246	3416	3452	2998
KIGLMMPK_02247	4528	4320	3563
KIGLMMPK_02248	719	602	554
KIGLMMPK_02249	3527	3689	3541
KIGLMMPK_02250	410	376	334
KIGLMMPK_02251	331	310	265
KIGLMMPK_02252	176	224	196
KIGLMMPK_02253	12937	10416	10336
KIGLMMPK_02254	13289	12256	11457
KIGLMMPK_02255	25477	22724	20013
KIGLMMPK_02256	23701	21527	19623
KIGLMMPK_02257	3065	2930	2674
KIGLMMPK_02258	11225	10326	9051
KIGLMMPK_02259	4436	4914	4456
KIGLMMPK_02260	2077	1972	2026
KIGLMMPK_02261	17062	16746	14710
KIGLMMPK_02262	3647	3162	2955
KIGLMMPK_02263	1311	1325	1234
KIGLMMPK_02264	3861	3898	3562
KIGLMMPK_02265	6501	6693	5953
KIGLMMPK_02266	4297	4011	3779
KIGLMMPK_02267	4357	4624	3996
KIGLMMPK_02268	4481	4378	4083
KIGLMMPK_02269	28061	26966	23679
KIGLMMPK_02270	1485	1533	1435
KIGLMMPK_02271	2506	2860	2649
KIGLMMPK_02272	1380	1310	1174
KIGLMMPK_02273	47	62	64
KIGLMMPK_02274	1712	1580	1451
KIGLMMPK_02275	776	858	677
KIGLMMPK_02276	1029	920	788
KIGLMMPK_02277	655	657	617
KIGLMMPK_02278	781	851	777
KIGLMMPK_02279	400	447	371
KIGLMMPK_02280	5	11	4
KIGLMMPK_02281	6	10	7
KIGLMMPK_02282	4	3	2
KIGLMMPK_02283	328	353	269
KIGLMMPK_02284	370	439	362
KIGLMMPK_02285	29	32	44
KIGLMMPK_02286	44	46	38
KIGLMMPK_02287	766	635	587
KIGLMMPK_02288	409	415	330
KIGLMMPK_02289	5739	5654	5217
KIGLMMPK_02290	8	12	9
KIGLMMPK_02291	15	7	7
KIGLMMPK_02292	95	76	77
KIGLMMPK_02293	11	8	7
KIGLMMPK_02294	3	3	0
KIGLMMPK_02295	24	13	11
KIGLMMPK_02296	1	3	4
KIGLMMPK_02297	70	85	68
KIGLMMPK_02298	130	121	128
KIGLMMPK_02299	335	340	287
KIGLMMPK_02300	135	115	96
KIGLMMPK_02301	44	31	21
KIGLMMPK_02302	13	8	5
KIGLMMPK_02303	8	14	31
KIGLMMPK_02304	6	3	5
KIGLMMPK_02305	31	34	33
KIGLMMPK_02306	19	20	10
KIGLMMPK_02307	1847	1732	1725
KIGLMMPK_02308	3061	2975	2865
KIGLMMPK_02309	15472	14417	12380
KIGLMMPK_02310	12234	10998	9757
KIGLMMPK_02311	5527	5399	5155
KIGLMMPK_02312	6556	6704	5921
KIGLMMPK_02314	1173	1178	1036
KIGLMMPK_02315	361	400	450
KIGLMMPK_02316	283	363	316
KIGLMMPK_02317	363	380	316
KIGLMMPK_02318	17	25	36
KIGLMMPK_02319	200	278	226
KIGLMMPK_02320	169	142	164
KIGLMMPK_02321	137	145	177
KIGLMMPK_02322	6857	7132	6196
KIGLMMPK_02323	6180	6624	5513
KIGLMMPK_02324	320	296	242
KIGLMMPK_02325	178	191	194
KIGLMMPK_02326	175	219	144
KIGLMMPK_02327	28	15	21
KIGLMMPK_02328	4	8	7
KIGLMMPK_02329	20	7	15
KIGLMMPK_02330	108	94	83
KIGLMMPK_02331	948	912	785
KIGLMMPK_02332	0	0	0
KIGLMMPK_02333	3587	3471	3091
KIGLMMPK_02334	2597	2698	2381
KIGLMMPK_02335	2202	2044	1808
KIGLMMPK_02336	2539	2775	2728
KIGLMMPK_02337	8454	8884	7925
KIGLMMPK_02338	1082	1235	1060
KIGLMMPK_02339	1349	1184	1127
KIGLMMPK_02340	6231	6492	5665
KIGLMMPK_02341	3893	3661	3716
KIGLMMPK_02342	4024	5066	4590
KIGLMMPK_02343	24889	26593	23720
KIGLMMPK_02344	73720	74338	65601
KIGLMMPK_02345	731	681	627
KIGLMMPK_02346	2162	2051	1875
KIGLMMPK_02347	5215	5494	4709
KIGLMMPK_02348	39002	39181	34797
KIGLMMPK_02349	233	248	244
KIGLMMPK_02350	9524	9114	7809
KIGLMMPK_02351	5429	5840	5053
KIGLMMPK_02352	65528	65662	61128
KIGLMMPK_02353	1793	1922	1576
KIGLMMPK_02354	2264	1873	1895
KIGLMMPK_02355	1616	1608	1510
KIGLMMPK_02356	2961	2752	2478
KIGLMMPK_02357	2176	2190	2023
KIGLMMPK_02358	825	747	665
KIGLMMPK_02359	4140	4146	3513
KIGLMMPK_02360	290	247	251
KIGLMMPK_02363	79	97	97
KIGLMMPK_02364	239	248	266
KIGLMMPK_02365	0	2	0
KIGLMMPK_02366	3	0	0
KIGLMMPK_02371	4347	4159	3983
KIGLMMPK_02372	1936	1791	1804
KIGLMMPK_02373	1709	1824	1619
KIGLMMPK_02374	16417	13898	12166
KIGLMMPK_02375	1053	967	964
KIGLMMPK_02376	1007	971	863
KIGLMMPK_02377	2130	2305	2205
KIGLMMPK_02378	6015	6049	5638
KIGLMMPK_02379	5541	5402	5170
KIGLMMPK_02380	2321	2207	1952
KIGLMMPK_02381	90	67	120
KIGLMMPK_02382	2091	2154	1959
KIGLMMPK_02383	271	314	282
KIGLMMPK_02384	2139	1913	2221
KIGLMMPK_02385	4137	3957	3668
KIGLMMPK_02386	186	218	220
KIGLMMPK_02387	19	31	30
KIGLMMPK_02388	11177	11317	10943
KIGLMMPK_02389	9564	9921	9103
KIGLMMPK_02390	3743	3769	3175
KIGLMMPK_02391	2856	2559	2246
KIGLMMPK_02392	2713	2621	2126
KIGLMMPK_02393	171	194	173
KIGLMMPK_02394	26782	25375	22607
KIGLMMPK_02395	43	45	29
KIGLMMPK_02396	38	50	32
KIGLMMPK_02397	5400	4929	5293
KIGLMMPK_02398	13613	11957	10946
KIGLMMPK_02399	20727	19942	17534
KIGLMMPK_02400	193	197	165
KIGLMMPK_02401	1370	1358	1196
KIGLMMPK_02402	7138	6231	5625
KIGLMMPK_02403	0	0	0
KIGLMMPK_02404	6348	6251	5639
KIGLMMPK_02405	121	134	117
KIGLMMPK_02406	110	100	60
KIGLMMPK_02407	19	46	26
KIGLMMPK_02408	5	10	13
KIGLMMPK_02409	20	7	9
KIGLMMPK_02410	0	3	3
KIGLMMPK_02411	227	249	197
KIGLMMPK_02412	19	25	26
KIGLMMPK_02413	3920	4299	3983
KIGLMMPK_02414	3939	3811	3599
KIGLMMPK_02415	20199	19690	17381
KIGLMMPK_02416	302	312	287
KIGLMMPK_02417	930	997	910
KIGLMMPK_02418	936	871	617
KIGLMMPK_02419	5800	6094	5385
KIGLMMPK_02420	2603	2526	2353
KIGLMMPK_02421	2611	2989	2671
KIGLMMPK_02422	4609	3970	3948
KIGLMMPK_02423	975	908	974
KIGLMMPK_02424	41654	40193	36875
KIGLMMPK_02425	438	765	626
KIGLMMPK_02426	4602	4677	4348
KIGLMMPK_02427	864	768	618
KIGLMMPK_02428	590	525	482
KIGLMMPK_02429	698	568	573
KIGLMMPK_02430	266	247	262
KIGLMMPK_02431	235	196	177
KIGLMMPK_02432	74	65	87
KIGLMMPK_02433	2332	1899	1587
KIGLMMPK_02434	439	515	386
KIGLMMPK_02435	184	191	181
KIGLMMPK_02436	7201	7592	6773
KIGLMMPK_02437	15432	13658	12674
KIGLMMPK_02438	3690	3512	2998
KIGLMMPK_02439	1810	1956	1736
KIGLMMPK_02440	493	529	509
KIGLMMPK_02441	551	640	563
KIGLMMPK_02442	256	218	281
KIGLMMPK_02443	14001	14477	12258
KIGLMMPK_02444	525	642	441
KIGLMMPK_02445	273	310	265
KIGLMMPK_02446	851	987	927
KIGLMMPK_02448	691	783	734
KIGLMMPK_02449	6948	6642	5909
KIGLMMPK_02450	3382	3970	3187
KIGLMMPK_02451	12378	11305	10079
KIGLMMPK_02452	890	1106	1159
KIGLMMPK_02453	5700	5568	5133
KIGLMMPK_02454	3471	3128	3045
KIGLMMPK_02455	13792	13736	11856
KIGLMMPK_02456	4850	5292	4995
KIGLMMPK_02457	155	140	176
KIGLMMPK_02458	172	168	143
KIGLMMPK_02459	3098	3188	2880
KIGLMMPK_02460	2020	2030	1810
KIGLMMPK_02461	4542	5231	4548
KIGLMMPK_02462	4169	4162	3697
KIGLMMPK_02463	765	797	760
KIGLMMPK_02464	1193	1133	1005
KIGLMMPK_02465	6710	7087	6676
KIGLMMPK_02466	4341	4533	4083
KIGLMMPK_02467	2	2	2
KIGLMMPK_02468	1	0	0
KIGLMMPK_02469	1	2	4
KIGLMMPK_02470	78	73	58
KIGLMMPK_02471	90	125	113
KIGLMMPK_02472	225	208	196
KIGLMMPK_02473	405	406	381
KIGLMMPK_02474	463	530	427
KIGLMMPK_02475	93	111	110
KIGLMMPK_02476	9143	9158	8489
KIGLMMPK_02477	1226	1187	1057
KIGLMMPK_02478	5908	5741	5147
KIGLMMPK_02479	3097	2968	2495
KIGLMMPK_02480	124	135	161
KIGLMMPK_02481	1911	2033	2010
KIGLMMPK_02482	1051	1006	961
KIGLMMPK_02483	220	268	220
KIGLMMPK_02484	8012	9333	7986
KIGLMMPK_02485	3504	3248	2985
KIGLMMPK_02486	1567	1962	1568
KIGLMMPK_02487	2296	2016	1832
KIGLMMPK_02488	232	206	177
KIGLMMPK_02489	2742	2357	2467
KIGLMMPK_02490	3402	1901	1786
KIGLMMPK_02491	526	422	355
KIGLMMPK_02492	97	82	55
KIGLMMPK_02493	6	13	3
KIGLMMPK_02494	71	61	65
KIGLMMPK_02495	40	40	39
KIGLMMPK_02496	1877	1839	1699
KIGLMMPK_02497	255	290	298
KIGLMMPK_02498	370	356	282
KIGLMMPK_02499	18	24	13
KIGLMMPK_02500	22	31	20
KIGLMMPK_02501	15	27	16
KIGLMMPK_02502	32	20	15
KIGLMMPK_02503	102	86	70
KIGLMMPK_02504	625	533	498
KIGLMMPK_02505	11617	10561	9404
KIGLMMPK_02506	12297	12049	11106
KIGLMMPK_02507	867	781	755
KIGLMMPK_02508	835	940	791
KIGLMMPK_02509	442	428	461
KIGLMMPK_02510	60	40	49
KIGLMMPK_02511	0	2	0
KIGLMMPK_02512	78	87	90
KIGLMMPK_02513	29	36	17
KIGLMMPK_02514	2	2	3
KIGLMMPK_02515	2	4	1
KIGLMMPK_02516	2	0	6
KIGLMMPK_02517	0	0	0
KIGLMMPK_02518	0	0	0
KIGLMMPK_02519	0	0	0
KIGLMMPK_02521	0	0	0
KIGLMMPK_02522	0	0	0
KIGLMMPK_02523	0	0	0
KIGLMMPK_02524	0	0	0
KIGLMMPK_02525	199	193	150
KIGLMMPK_02526	286	386	262
KIGLMMPK_02527	125	105	126
KIGLMMPK_02528	20	13	8
KIGLMMPK_02529	2	0	0
KIGLMMPK_02530	92	91	109
KIGLMMPK_02531	2	2	1
KIGLMMPK_02532	26	19	32
KIGLMMPK_02533	7	9	14
KIGLMMPK_02534	3	1	0
KIGLMMPK_02535	6	0	3
KIGLMMPK_02536	4	6	8
KIGLMMPK_02537	12	25	22
KIGLMMPK_02538	86	84	70
KIGLMMPK_02539	4	2	10
KIGLMMPK_02540	54	63	48
KIGLMMPK_02541	189	225	197
KIGLMMPK_02542	33	18	28
KIGLMMPK_02543	48	61	23
KIGLMMPK_02544	37	31	31
KIGLMMPK_02545	7	8	5
KIGLMMPK_02546	19	29	24
KIGLMMPK_02547	0	0	0
KIGLMMPK_02548	0	0	0
KIGLMMPK_02549	0	0	0
KIGLMMPK_02550	0	0	0
KIGLMMPK_02551	0	0	0
KIGLMMPK_02552	0	0	0
KIGLMMPK_02553	58	54	54
KIGLMMPK_02554	69	77	30
KIGLMMPK_02555	58	74	52
KIGLMMPK_02556	91	93	61
KIGLMMPK_02557	21	18	17
KIGLMMPK_02558	14	12	15
KIGLMMPK_02559	62	61	34
KIGLMMPK_02560	150	146	164
KIGLMMPK_02561	1	5	3
KIGLMMPK_02562	78	116	61
KIGLMMPK_02563	190	170	151
KIGLMMPK_02564	268	246	287
KIGLMMPK_02565	35	19	24
KIGLMMPK_02566	97	91	78
KIGLMMPK_02567	34	44	39
KIGLMMPK_02568	212	264	225
KIGLMMPK_02569	2295	2690	2424
KIGLMMPK_02570	1027	1074	985
KIGLMMPK_02571	718	704	633
KIGLMMPK_02572	2332	2231	1997
KIGLMMPK_02573	1552	1615	1595
KIGLMMPK_02574	140	113	108
KIGLMMPK_02575	1103	1217	1107
KIGLMMPK_02577	517	596	652
KIGLMMPK_02578	603	561	425
KIGLMMPK_02579	6	4	8
KIGLMMPK_02580	5	2	1
KIGLMMPK_02581	11	7	2
KIGLMMPK_02582	83	111	68
KIGLMMPK_02583	247	313	195
KIGLMMPK_02584	168	168	127
KIGLMMPK_02585	4443	4666	3820
KIGLMMPK_02586	7227	7334	6427
KIGLMMPK_02587	4968	5328	5037
KIGLMMPK_02588	3364	4039	3674
KIGLMMPK_02589	554	489	467
KIGLMMPK_02590	3199	3615	3727
KIGLMMPK_02591	10985	10759	9861
KIGLMMPK_02592	27863	28180	26130
KIGLMMPK_02593	36568	37340	31117
KIGLMMPK_02594	31717	30532	26222
KIGLMMPK_02595	19235	19132	16203
KIGLMMPK_02596	10503	9587	9529
KIGLMMPK_02597	43107	38853	37559
KIGLMMPK_02598	59968	56911	50320
KIGLMMPK_02599	16054	16644	15589
KIGLMMPK_02600	7911	6835	6529
KIGLMMPK_02601	9014	9001	8050
KIGLMMPK_02602	10693	10431	9391
KIGLMMPK_02603	28915	25842	22401
KIGLMMPK_02604	2061	2473	2226
KIGLMMPK_02605	15008	14753	12947
KIGLMMPK_02606	7891	6957	6458
KIGLMMPK_02607	190	183	211
KIGLMMPK_02608	675	812	628
KIGLMMPK_02609	152	120	141
KIGLMMPK_02610	18359	18269	16346
KIGLMMPK_02611	3811	3574	3332
KIGLMMPK_02612	5043	5341	4782
KIGLMMPK_02613	4006	3974	3763
KIGLMMPK_02614	1183	1326	1268
KIGLMMPK_02615	5658	5670	5383
KIGLMMPK_02616	3809	3671	3495
KIGLMMPK_02617	6839	8298	7559
KIGLMMPK_02618	19610	21573	17994
KIGLMMPK_02619	13133	13137	11226
KIGLMMPK_02620	1705	1483	1404
KIGLMMPK_02621	818	827	898
KIGLMMPK_02622	11535	11499	11627
KIGLMMPK_02623	13670	13118	12170
KIGLMMPK_02624	26057	27093	22898
KIGLMMPK_02625	10954	11024	10022
KIGLMMPK_02626	15563	16332	14441
KIGLMMPK_02627	147132	135301	121452
KIGLMMPK_02628	49398	55802	48116
KIGLMMPK_02629	129903	147348	123834
KIGLMMPK_02630	581	641	640
KIGLMMPK_02631	10518	10455	8840
KIGLMMPK_02632	384	410	421
KIGLMMPK_02634	5077	5315	5033
KIGLMMPK_02635	360	456	390
KIGLMMPK_02636	3242	3576	3129
KIGLMMPK_02637	8592	8372	7765
KIGLMMPK_02638	4888	4915	4730
KIGLMMPK_02639	5155	4535	4318
KIGLMMPK_02640	7404	7455	6734
KIGLMMPK_02641	6943	6938	6318
KIGLMMPK_02642	2718	3227	2475
KIGLMMPK_02643	6156	6268	5954
KIGLMMPK_02644	5551	6250	5451
KIGLMMPK_02645	379	485	508
KIGLMMPK_02646	5859	5886	5649
KIGLMMPK_02647	1252	1113	1162
KIGLMMPK_02648	17549	16321	15295
KIGLMMPK_02649	3087	2812	2699
KIGLMMPK_02650	2264	2192	1864
KIGLMMPK_02651	2664	2900	2536
KIGLMMPK_02652	2515	3073	2908
KIGLMMPK_02653	12246	11697	11382
KIGLMMPK_02654	7248	7626	7169
KIGLMMPK_02655	3613	3662	3671
KIGLMMPK_02656	12086	12126	10821
KIGLMMPK_02657	10151	10016	9190
KIGLMMPK_02658	3047	3602	3215
KIGLMMPK_02659	17387	17097	16142
KIGLMMPK_02660	5918	6193	5562
KIGLMMPK_02661	5171	4795	4234
KIGLMMPK_02662	5825	6011	5318
KIGLMMPK_02663	1198	1222	1130
KIGLMMPK_02664	86	131	85
KIGLMMPK_02665	717	1032	694
KIGLMMPK_02666	959	870	737
KIGLMMPK_02667	146	139	121
KIGLMMPK_02668	73	86	72
KIGLMMPK_02669	51	35	32
KIGLMMPK_02670	19	24	13
KIGLMMPK_02671	49929	62477	55360
KIGLMMPK_02672	6160	5669	4848
KIGLMMPK_02673	12130	11025	9058
KIGLMMPK_02674	410117	450623	392369
KIGLMMPK_02675	15944	15193	13889
KIGLMMPK_02676	633	611	651
KIGLMMPK_02677	80024	80780	74010
KIGLMMPK_02678	19980	20328	18330
KIGLMMPK_02679	5	4	7
KIGLMMPK_02680	3266	3354	3071
KIGLMMPK_02681	1102	1034	943
KIGLMMPK_02682	94	137	131
KIGLMMPK_02683	306	364	278
KIGLMMPK_02684	141	162	139
KIGLMMPK_02685	877	1129	1040
KIGLMMPK_02686	511	426	324
KIGLMMPK_02687	516	453	455
KIGLMMPK_02688	584	618	555
KIGLMMPK_02689	284	260	240
KIGLMMPK_02690	300	351	240
KIGLMMPK_02691	172	142	115
KIGLMMPK_02692	367	338	288
KIGLMMPK_02693	17285	18374	15706
KIGLMMPK_02694	4956	4572	4055
KIGLMMPK_02695	2349	1979	1840
KIGLMMPK_02696	1581	1338	1294
KIGLMMPK_02697	3291	2525	2342
KIGLMMPK_02698	1313	1212	1125
KIGLMMPK_02699	1592	1724	1545
KIGLMMPK_02700	2663	2622	2160
KIGLMMPK_02701	1562	1467	1451
KIGLMMPK_02702	908	943	862
KIGLMMPK_02703	2090	1971	1779
KIGLMMPK_02704	3838	3788	3646
KIGLMMPK_02705	1948	1787	1548
KIGLMMPK_02706	825	835	737
KIGLMMPK_02707	1610	1721	1488
KIGLMMPK_02708	204	302	210
KIGLMMPK_02709	69	63	49
KIGLMMPK_02710	13456	12295	10866
KIGLMMPK_02711	1259	1265	1151
KIGLMMPK_02712	2013	1858	1879
KIGLMMPK_02713	1272	1284	1236
KIGLMMPK_02714	1628	1301	1178
KIGLMMPK_02715	1136	919	751
KIGLMMPK_02716	14399	14798	13169
KIGLMMPK_02717	1105	1187	1111
KIGLMMPK_02718	5617	5326	4912
KIGLMMPK_02719	1120	1125	1050
KIGLMMPK_02720	11054	10441	9300
KIGLMMPK_02721	3854	4213	3463
KIGLMMPK_02722	2861	2450	2368
KIGLMMPK_02723	1107	1086	939
KIGLMMPK_02724	5151	5058	4759
KIGLMMPK_02725	3078	3079	2745
KIGLMMPK_02726	5226	5602	5307
KIGLMMPK_02727	9899	9417	8606
KIGLMMPK_02728	9104	8787	7750
KIGLMMPK_02729	196	261	217
KIGLMMPK_02730	3331	3842	3416
KIGLMMPK_02731	2067	2256	1933
KIGLMMPK_02732	9914	9389	8139
KIGLMMPK_02733	3232	2756	2552
KIGLMMPK_02734	1529	1161	1098
KIGLMMPK_02735	589	516	522
KIGLMMPK_02736	156	155	154
KIGLMMPK_02737	2387	2406	2254
KIGLMMPK_02738	1718	1620	1496
KIGLMMPK_02739	1148	1093	953
KIGLMMPK_02740	9834	9965	8350
KIGLMMPK_02741	1279	1301	1003
KIGLMMPK_02742	365	281	277
KIGLMMPK_02743	903	913	808
KIGLMMPK_02744	842	900	731
KIGLMMPK_02745	0	0	0
KIGLMMPK_02746	0	0	0
KIGLMMPK_02747	0	0	0
KIGLMMPK_02748	0	0	0
KIGLMMPK_02749	0	0	0
KIGLMMPK_02750	0	0	0
KIGLMMPK_02751	0	0	0
KIGLMMPK_02752	0	0	0
KIGLMMPK_02753	0	0	0
KIGLMMPK_02754	0	0	0
KIGLMMPK_02755	21	7	19
KIGLMMPK_02756	250	283	289
KIGLMMPK_02757	0	0	0
KIGLMMPK_02758	0	0	0
KIGLMMPK_02759	865	763	692
KIGLMMPK_02760	25	56	43
KIGLMMPK_02761	160	182	150
KIGLMMPK_02762	9101	9259	7757
KIGLMMPK_02763	97	84	86
KIGLMMPK_02764	642	584	532
KIGLMMPK_02765	192	208	191
KIGLMMPK_02766	1187	1153	1051
KIGLMMPK_02767	61	41	61
KIGLMMPK_02768	28	48	45
KIGLMMPK_02769	700	605	520
KIGLMMPK_02770	843	753	659
KIGLMMPK_02771	55528	51982	44938
KIGLMMPK_02772	11840	11863	10679
KIGLMMPK_02773	2775	2676	2336
KIGLMMPK_02774	693	605	561
KIGLMMPK_02775	756	601	572
KIGLMMPK_02776	242	201	208
KIGLMMPK_02777	3707	4023	3324
KIGLMMPK_02778	39	64	42
KIGLMMPK_02779	652	547	467
KIGLMMPK_02780	763	814	756
KIGLMMPK_02781	50	104	82
KIGLMMPK_02782	953	965	783
KIGLMMPK_02783	2124	2110	1842
KIGLMMPK_02784	594	585	753
KIGLMMPK_02785	168	134	154
KIGLMMPK_02786	870	953	760
KIGLMMPK_02787	367	382	386
KIGLMMPK_02788	5	1	11
KIGLMMPK_02789	34	22	21
KIGLMMPK_02790	1744	1800	1462
KIGLMMPK_02791	3458	3654	3444
KIGLMMPK_02792	63	96	96
KIGLMMPK_02793	0	1	4
KIGLMMPK_02794	0	0	0
KIGLMMPK_02795	0	0	0
KIGLMMPK_02796	0	0	0
KIGLMMPK_02797	2	0	0
KIGLMMPK_02798	2	0	4
KIGLMMPK_02799	0	0	0
KIGLMMPK_02800	0	0	0
KIGLMMPK_02801	0	0	0
KIGLMMPK_02802	0	0	0
KIGLMMPK_02803	0	0	0
KIGLMMPK_02804	0	0	0
KIGLMMPK_02805	143	133	127
KIGLMMPK_02806	284	279	239
KIGLMMPK_02807	0	4	9
KIGLMMPK_02808	452	341	327
KIGLMMPK_02809	608	490	508
KIGLMMPK_02810	160	102	107
KIGLMMPK_02811	12	13	9
KIGLMMPK_02812	3782	3979	3919
KIGLMMPK_02813	788	751	782
KIGLMMPK_02814	5222	5281	5114
KIGLMMPK_02815	1074	774	812
KIGLMMPK_02816	105	73	64
KIGLMMPK_02817	444	288	301
KIGLMMPK_02818	164	149	159
KIGLMMPK_02819	886	789	765
KIGLMMPK_02820	135	127	132
KIGLMMPK_02821	24	25	33
KIGLMMPK_02822	121	76	87
KIGLMMPK_02823	75	72	78
KIGLMMPK_02824	152	125	119
KIGLMMPK_02825	105	104	80
KIGLMMPK_02826	4950	5551	4584
KIGLMMPK_02827	833	898	889
KIGLMMPK_02828	816	902	901
KIGLMMPK_02829	413	346	339
KIGLMMPK_02830	42	66	50
KIGLMMPK_02831	849	744	564
KIGLMMPK_02832	1997	1663	1447
KIGLMMPK_02833	305	330	313
KIGLMMPK_02834	2612	3117	2332
KIGLMMPK_02835	4999	6045	5197
KIGLMMPK_02836	214	207	182
KIGLMMPK_02837	14	11	20
KIGLMMPK_02838	23	19	26
KIGLMMPK_02839	108	124	87
KIGLMMPK_02840	29	35	28
KIGLMMPK_02841	14	11	10
KIGLMMPK_02842	6	13	10
KIGLMMPK_02843	409	420	412
KIGLMMPK_02844	781	676	625
KIGLMMPK_02845	925	1151	922
KIGLMMPK_02846	599	549	521
KIGLMMPK_02847	10	8	11
KIGLMMPK_02848	241	255	212
KIGLMMPK_02849	171	146	158
KIGLMMPK_02850	198	123	173
KIGLMMPK_02851	0	0	0
KIGLMMPK_02852	35	31	32
KIGLMMPK_02853	30	16	15
KIGLMMPK_02854	11	11	10
KIGLMMPK_02855	1	3	2
KIGLMMPK_02856	918	1048	913
KIGLMMPK_02857	636	650	608
KIGLMMPK_02858	3128	3792	3086
KIGLMMPK_02859	4	4	4
KIGLMMPK_02860	633	665	642
KIGLMMPK_02861	81	86	92
KIGLMMPK_02862	137	145	127
KIGLMMPK_02863	1550	1715	1623
KIGLMMPK_02864	1895	1964	1584
KIGLMMPK_02865	1351	1401	1245
KIGLMMPK_02866	68	63	57
KIGLMMPK_02867	156	136	96
KIGLMMPK_02868	0	0	0
KIGLMMPK_02869	0	0	0
KIGLMMPK_02870	0	0	0
KIGLMMPK_02871	0	0	0
KIGLMMPK_02872	8	2	2
KIGLMMPK_02873	0	0	1
KIGLMMPK_02874	54	47	56
KIGLMMPK_02875	233	189	178
KIGLMMPK_02876	66	89	60
KIGLMMPK_02877	109	93	87
KIGLMMPK_02878	45	54	37
KIGLMMPK_02879	36	51	38
KIGLMMPK_02880	3	4	2
KIGLMMPK_02881	38	9	20
KIGLMMPK_02882	34	34	35
KIGLMMPK_02883	20	9	8
KIGLMMPK_02884	806	751	742
KIGLMMPK_02885	113	66	99
KIGLMMPK_02886	0	2	2
KIGLMMPK_02887	79	63	55
KIGLMMPK_02888	66	80	70
KIGLMMPK_02889	107	149	106
KIGLMMPK_02890	64	64	57
KIGLMMPK_02891	25	18	29
KIGLMMPK_02892	24	20	14
KIGLMMPK_02893	34	28	36
KIGLMMPK_02894	108	85	99
KIGLMMPK_02895	91	76	80
KIGLMMPK_02896	97	112	111
KIGLMMPK_02897	63	51	46
KIGLMMPK_02898	17	15	29
KIGLMMPK_02899	113	135	148
KIGLMMPK_02900	1427	1280	1250
KIGLMMPK_02901	21	15	3
KIGLMMPK_02902	0	0	0
KIGLMMPK_02903	0	0	0
KIGLMMPK_02904	0	0	0
KIGLMMPK_02905	2663	3042	2674
KIGLMMPK_02906	1857	2269	2248
KIGLMMPK_02907	1160	1254	1190
KIGLMMPK_02908	2130	2330	2112
KIGLMMPK_02909	338	393	366
KIGLMMPK_02910	652	814	669
KIGLMMPK_02911	1859	1895	1542
KIGLMMPK_02912	385	347	360
KIGLMMPK_02913	167	171	117
KIGLMMPK_02914	0	0	0
KIGLMMPK_02915	0	0	0
KIGLMMPK_02916	0	0	0
KIGLMMPK_02917	4	6	5
KIGLMMPK_02918	1127	1460	1431
KIGLMMPK_02919	390	307	345
KIGLMMPK_02920	3734	3300	3009
KIGLMMPK_02921	2836	2894	2531
KIGLMMPK_02922	0	0	0
KIGLMMPK_02923	764	690	713
KIGLMMPK_02924	195	261	216
KIGLMMPK_02925	142	143	169
KIGLMMPK_02926	683	757	621
KIGLMMPK_02927	0	0	0
KIGLMMPK_02928	6	11	3
KIGLMMPK_02929	153	137	142
KIGLMMPK_02930	114	151	115
KIGLMMPK_02931	38	30	22
KIGLMMPK_02932	134	108	103
KIGLMMPK_02933	237	238	213
KIGLMMPK_02934	353	353	334
KIGLMMPK_02935	664	650	593
KIGLMMPK_02936	254	273	304
KIGLMMPK_02937	949	949	816
KIGLMMPK_02938	25	26	19
KIGLMMPK_02939	123	118	128
KIGLMMPK_02940	345	393	407
KIGLMMPK_02941	230	204	179
KIGLMMPK_02942	276	253	227
KIGLMMPK_02943	31	36	26
KIGLMMPK_02944	5	13	10
KIGLMMPK_02945	11	20	20
KIGLMMPK_02946	86	85	63
KIGLMMPK_02947	29	50	56
KIGLMMPK_02948	3801	4046	3485
KIGLMMPK_02949	4683	4766	4219
KIGLMMPK_02950	4313	4502	3669
KIGLMMPK_02951	14	34	30
KIGLMMPK_02952	268	286	282
KIGLMMPK_02953	874	941	960
KIGLMMPK_02954	600	610	541
KIGLMMPK_02955	529	532	562
KIGLMMPK_02956	353	340	319
KIGLMMPK_02957	2	3	2
KIGLMMPK_02958	14	30	18
KIGLMMPK_02959	16	7	11
KIGLMMPK_02960	163	202	192
KIGLMMPK_02961	1995	1957	1664
KIGLMMPK_02962	1144	1150	935
KIGLMMPK_02963	370	291	338
KIGLMMPK_02964	97	95	70
KIGLMMPK_02965	130	113	127
KIGLMMPK_02966	13	12	7
KIGLMMPK_02967	47	48	46
KIGLMMPK_02968	1454	1507	1342
KIGLMMPK_02969	14	30	16
KIGLMMPK_02970	831	681	719
KIGLMMPK_02971	1	0	0
KIGLMMPK_02972	189	221	134
KIGLMMPK_02973	372	293	257
KIGLMMPK_02974	1104	1067	1006
KIGLMMPK_02975	284	380	332
KIGLMMPK_02976	1224	1252	1129
KIGLMMPK_02977	131	146	172
KIGLMMPK_02978	1128	1217	1193
KIGLMMPK_02979	962	944	929
KIGLMMPK_02980	17	24	17
KIGLMMPK_02981	178	193	111
KIGLMMPK_02982	562	600	507
KIGLMMPK_02983	722	590	542
KIGLMMPK_02984	5059	5058	4655
KIGLMMPK_02985	167	175	131
KIGLMMPK_02986	68	81	59
KIGLMMPK_02987	56	85	73
KIGLMMPK_02988	69	76	62
KIGLMMPK_02989	0	1	0
KIGLMMPK_02990	13	13	0
KIGLMMPK_02991	58	56	60
KIGLMMPK_02992	250	230	199
KIGLMMPK_02993	443	474	456
KIGLMMPK_02994	676	685	626
KIGLMMPK_02995	271	279	275
KIGLMMPK_02996	110	106	108
KIGLMMPK_02997	79	86	101
KIGLMMPK_02998	137	102	131
KIGLMMPK_02999	264	231	206
KIGLMMPK_03000	34	52	38
KIGLMMPK_03001	256	270	242
KIGLMMPK_03002	251	229	196
KIGLMMPK_03003	21	14	13
KIGLMMPK_03004	25	32	30
KIGLMMPK_03005	120	103	133
KIGLMMPK_03006	63	51	40
KIGLMMPK_03007	167	180	190
KIGLMMPK_03008	249	263	220
KIGLMMPK_03009	88	70	65
KIGLMMPK_03010	101	93	113
KIGLMMPK_03011	745	663	746
KIGLMMPK_03012	337	386	359
KIGLMMPK_03013	3340	3118	2912
KIGLMMPK_03014	1827	1719	1609
KIGLMMPK_03015	11	8	3
KIGLMMPK_03016	13434	12086	10459
KIGLMMPK_03017	123	140	182
KIGLMMPK_03018	0	1	1
KIGLMMPK_03019	5	8	5
KIGLMMPK_03020	340	338	274
KIGLMMPK_03021	396	386	389
KIGLMMPK_03022	13	12	24
KIGLMMPK_03023	2	0	0
KIGLMMPK_03024	3	2	4
KIGLMMPK_03025	28	28	10
KIGLMMPK_03026	258	248	257
KIGLMMPK_03027	892	872	757
KIGLMMPK_03028	229	234	201
KIGLMMPK_03029	31	50	25
KIGLMMPK_03030	814	779	722
KIGLMMPK_03031	2	2	2
KIGLMMPK_03032	3	14	8
KIGLMMPK_03033	0	0	0
KIGLMMPK_03034	30	47	28
KIGLMMPK_03035	1038	1218	1035
KIGLMMPK_03036	2712	2893	2580
KIGLMMPK_03037	1033	1008	878
KIGLMMPK_03038	326	407	304
KIGLMMPK_03039	282	280	285
KIGLMMPK_03040	4	5	7
KIGLMMPK_03041	1678	1881	1580
KIGLMMPK_03042	2015	2226	1900
KIGLMMPK_03043	0	0	0
KIGLMMPK_03044	260	253	268
KIGLMMPK_03045	0	0	0
KIGLMMPK_03046	1023	897	884
KIGLMMPK_03047	620	595	609
KIGLMMPK_03048	1154	1116	1026
KIGLMMPK_03049	216	195	200
KIGLMMPK_03050	0	2	4
KIGLMMPK_03051	15	5	10
KIGLMMPK_03052	60	101	74
KIGLMMPK_03053	279	252	261
KIGLMMPK_03054	374	415	463
KIGLMMPK_03055	5956	5763	5377
KIGLMMPK_03056	16881	18222	16103
KIGLMMPK_03057	9094	10423	9438
KIGLMMPK_03058	189	271	163
KIGLMMPK_03059	1944	1794	1547
KIGLMMPK_03060	19	23	21
KIGLMMPK_03061	70	113	91
KIGLMMPK_03062	419	511	429
KIGLMMPK_03063	370	437	357
KIGLMMPK_03064	11	5	25
KIGLMMPK_03065	21	12	18
KIGLMMPK_03066	6465	6904	6407
KIGLMMPK_03067	1009	893	722
KIGLMMPK_03068	1819	1961	1497
KIGLMMPK_03069	638	645	620
KIGLMMPK_03070	141	172	166
KIGLMMPK_03071	1853	1579	1431
KIGLMMPK_03072	323	327	304
KIGLMMPK_03073	1989	2094	1774
KIGLMMPK_03074	3	5	0
KIGLMMPK_03075	6	0	4
KIGLMMPK_03076	39	48	53
KIGLMMPK_03077	31	37	35
KIGLMMPK_03078	14	21	10
KIGLMMPK_03079	10	1	3
KIGLMMPK_03080	13	14	6
KIGLMMPK_03081	1	7	10
KIGLMMPK_03082	0	1	0
KIGLMMPK_03083	2	3	1
KIGLMMPK_03084	2	8	0
KIGLMMPK_03085	43	38	29
KIGLMMPK_03086	812	649	612
KIGLMMPK_03087	235	262	239
KIGLMMPK_03088	1527	1535	1344
KIGLMMPK_03089	847	783	782
KIGLMMPK_03090	28	44	50
KIGLMMPK_03091	239	190	172
KIGLMMPK_03092	172	191	191
KIGLMMPK_03093	553	529	442
KIGLMMPK_03094	1	6	4
KIGLMMPK_03095	77	69	44
KIGLMMPK_03096	78	76	62
KIGLMMPK_03097	517	476	439
KIGLMMPK_03098	97	111	74
KIGLMMPK_03099	30	61	52
KIGLMMPK_03100	34	64	35
KIGLMMPK_03101	251	252	196
KIGLMMPK_03102	43	41	36
KIGLMMPK_03103	301	290	258
KIGLMMPK_03104	235	213	178
KIGLMMPK_03105	266	217	251
KIGLMMPK_03106	433	391	317
KIGLMMPK_03107	1	0	0
KIGLMMPK_03108	0	0	0
KIGLMMPK_03109	0	0	0
KIGLMMPK_03110	57	41	37
KIGLMMPK_03111	170	155	118
KIGLMMPK_03112	0	1	0
KIGLMMPK_03113	329	442	339
KIGLMMPK_03114	531	534	475
KIGLMMPK_03115	97	67	80
KIGLMMPK_03116	4	3	5
KIGLMMPK_03117	239	240	220
KIGLMMPK_03118	885	954	834
KIGLMMPK_03119	96	108	112
KIGLMMPK_03120	341	358	290
KIGLMMPK_03121	397	312	325
KIGLMMPK_03122	846	883	767
KIGLMMPK_03123	106	95	98
KIGLMMPK_03124	519	642	484
KIGLMMPK_03125	352	391	368
KIGLMMPK_03126	286	246	174
KIGLMMPK_03127	64	68	61
KIGLMMPK_03128	185	195	201
KIGLMMPK_03129	19	28	14
KIGLMMPK_03130	324	331	340
KIGLMMPK_03131	0	0	0
KIGLMMPK_03132	0	0	0
KIGLMMPK_03133	0	0	0
KIGLMMPK_03134	0	0	0
KIGLMMPK_03135	0	0	0
KIGLMMPK_03136	0	0	0
KIGLMMPK_03137	1	1	0
KIGLMMPK_03138	47	62	66
KIGLMMPK_03139	6	11	14
KIGLMMPK_03140	0	0	1
KIGLMMPK_03141	9	20	15
__no_feature	2146104	2140738	2036775
__ambiguous	1132137	1163977	1021224
__too_low_aQual	329484	306117	285920
__not_aligned	184262	174652	159851
__alignment_not_unique	0	0	0
